1.020167148441478489e+00,1.052110135285683645e+00,1.056640324721319413e+00,1.068043236098125348e+00,7.516221391931991569e+00,9.999999992057821974e-01
9.441607205483663057e-01,8.918851570128734085e-01,1.000155455232467627e+00,8.596465676927043109e-01,9.490626647251034775e-01,9.999999996774958655e-01
9.925301697724022709e-01,9.930418290754717825e-01,9.902267919344768243e-01,9.911160460355440405e-01,1.009398568012793485e+00,9.999999995065596003e-01
1.056247934230029051e+00,1.082223483685912369e+00,1.086448829549749417e+00,1.096051584933319445e+00,2.423241104129029466e+01,1.000000000030624836e+00
1.048966698333388514e+00,1.076497435973496897e+00,1.082652785124054162e+00,1.105118306914698811e+00,1.035168654167246238e+00,1.000000000063198557e+00
9.525795553904717883e-01,9.143618417428255318e-01,9.012768964004139738e-01,8.867560386381715398e-01,9.752657430375646364e-01,9.999999991782618780e-01
7.942727500636280746e-01,6.856683623661432581e-01,6.649539309908293339e-01,6.222967036459498003e-01,8.896251658784444238e-01,9.999999996174631089e-01
1.056930879461634110e+00,1.082152788400817522e+00,1.091004734826926281e+00,1.107428381800174888e+00,1.804206526134281008e+00,9.999999998350952435e-01
1.076682727477895174e+00,1.099502798927858960e+00,1.105055660086659897e+00,1.118009293904836499e+00,1.067432483310753133e+00,1.000000000087127194e+00
9.807875302718626065e-01,9.624539298853193037e-01,9.761523502433486765e-01,3.538909240802704748e+00,9.528451167420877166e-01,9.999999991991173065e-01
1.070935250356172430e+00,1.109023743839913090e+00,1.114753445340101345e+00,1.128263681591738843e+00,1.049931591680695275e+00,1.000000000040228265e+00
8.836401867466331383e-01,8.311307707094879316e-01,8.238166933692423477e-01,7.990994515737041004e-01,9.095494503577793433e-01,9.999999981411884509e-01
8.378591675202307076e-01,7.511899634294865180e-01,7.300051354493467537e-01,6.878350364989812560e-01,6.284144417190788978e+00,9.999999996061735841e-01
7.804396881808086661e-01,6.333964768309500171e-01,6.023743295663198660e-01,5.540617416717246169e-01,8.742157218112726058e-01,9.999999996694249882e-01
7.532514994885304294e-01,6.594117031539187268e-01,6.440542781767552016e-01,6.025830909378671052e-01,8.218003539103043709e-01,9.999999995227533134e-01
1.042582894634438206e+00,1.063722597883877574e+00,1.075161581874809480e+00,1.084310308270065581e+00,6.675021289214646991e+00,9.999999994006345538e-01
9.973812494430390752e-01,9.746000952562846598e-01,9.739307630151458062e-01,9.692804250864556215e-01,1.102640801522204006e+00,9.999999994842170281e-01
8.126700090205148941e-01,7.171305786437578433e-01,6.985601291021337200e-01,6.674312642456479150e-01,3.433780228646413946e+01,9.999999991398678123e-01
8.522841895205259810e-01,7.918501655529429639e-01,7.762893770632480761e-01,7.456610719338971904e-01,8.979213800385970057e-01,9.999999984744826209e-01
1.032425200109399865e+00,1.032886276651481694e+00,1.033229529262109869e+00,1.036867304431519532e+00,5.479024709957075245e+00,9.999999997955515418e-01
9.617670470146160167e-01,9.479350732084572684e-01,9.449466682203314649e-01,9.406658763215038910e-01,9.765073588130813720e-01,9.999999992865704623e-01
9.730720983810007274e-01,9.720349902188546443e-01,9.707769909548427112e-01,9.656812821753327780e-01,9.902165670207762060e-01,9.999999994634225509e-01
9.173435158500081732e-01,9.095658789399817534e-01,9.069614300185773192e-01,8.992753065403726875e-01,9.788969146324082438e-01,9.999999986064533886e-01
1.039919675258994092e+00,1.066659307502600962e+00,1.071339581902735372e+00,1.077521382904093938e+00,1.297241018868123241e+01,9.999999994815715887e-01
9.913526869748874315e-01,1.741848429305032475e+00,1.041696081056667333e+00,1.063482218262085555e+00,9.331386545206802330e-01,9.999999993406071264e-01
8.030075041582857009e-01,6.572042893278411402e-01,6.334307435631866268e-01,5.771339105862046681e-01,8.721132285196752099e-01,9.999999996249105960e-01
9.827547143886505854e-01,9.708167270829043405e-01,9.700910117917564968e-01,9.691147033426766866e-01,2.380859647061576112e+01,9.999999990636005975e-01
1.006299776541969893e+00,1.031693347491563273e+00,1.037145173971210310e+00,1.047177696889189269e+00,1.057862218892965167e+00,9.999999992245501845e-01
8.190068422800129699e-01,6.892038130565056875e-01,6.663270856808969356e-01,6.067971418935115269e-01,8.685846914320630718e-01,9.999999995073283188e-01
9.694633706558776209e-01,9.545937214480691990e-01,9.522056132688214714e-01,9.434199620895181715e-01,9.764841908662099668e-01,9.999999990363280800e-01
1.071473203861925461e+00,1.094635288786941052e+00,1.101388770411450224e+00,1.112427371580934965e+00,1.047954636267460993e+00,1.000000000028053337e+00
1.021417775122178240e+00,1.028950085633031808e+00,1.033102117059443437e+00,1.035531141862394255e+00,1.417152528761887353e+00,9.999999988867608325e-01
1.036275272547156234e+00,1.040686541539866505e+00,1.044849203135154392e+00,1.051324943323685313e+00,1.025522081948541997e+00,1.000000000056068261e+00
8.453568297571164569e-01,8.012950389470226975e-01,7.896789656240572608e-01,7.652515809976667693e-01,1.244640744061697779e+00,9.999999990825325646e-01
1.002442160380150771e+00,9.940401572556858412e-01,9.933813440729639677e-01,9.941708870035862455e-01,1.116260962826845038e+01,9.999999996486131915e-01
9.517901828279793364e-01,9.394377542709723139e-01,9.401811496636262033e-01,9.421602204099008837e-01,9.742732424778528522e-01,9.999999992351157330e-01
1.060329103812011287e+00,1.103948699863225524e+00,1.112488791900616114e+00,1.129378824978080065e+00,4.850394763377880025e+01,1.000000000074412476e+00
9.866463030011465296e-01,9.820573462532327103e-01,9.815843049198760273e-01,9.814145466033341592e-01,9.837678367585453998e-01,9.999999994546081572e-01
8.399365937210439004e-01,7.895807291184948618e-01,7.573531111087286050e-01,1.159732493590179074e+05,1.172651040242912224e+00,9.999999995533714880e-01
1.070404127749964518e+00,1.096994122841475461e+00,1.103744116587290103e+00,1.119939730172340608e+00,1.049353681784355174e+00,1.000000000011333379e+00
1.032570578718993382e+00,1.053147795139471876e+00,1.061742052352597998e+00,1.086193574557259289e+00,1.354713556201058378e+00,9.999999992976580376e-01
8.657166286170596692e-01,7.075799586236929395e-01,6.798845773747012045e-01,6.426724421400327181e-01,9.251406983698298170e-01,9.999999997395402351e-01
9.813318035446353393e-01,9.427913977005615287e-01,9.402774212258063757e-01,4.736669362470615306e+04,1.449943406954183889e+00,1.000000000491569674e+00
1.058504568129620571e+00,1.084398820975388533e+00,1.090205288049905352e+00,1.107491880395789163e+00,1.039460309466792909e+00,1.000000000020565993e+00
8.376140890558962937e-01,7.620640296875406117e-01,7.346998531769743934e-01,6.690973249589287075e-01,8.798284567684674373e-01,9.999999993098570572e-01
9.865881039154993370e-01,1.011174349895167524e+00,1.519032041464787763e+00,1.062486872526509973e+00,1.018739625697975049e+00,9.999999996302674221e-01
1.006977870362307348e+00,1.008461674683695630e+00,1.007505712266379527e+00,1.005728267799912645e+00,1.005018431304458115e+00,1.000000000002881695e+00
8.646014655438624130e-01,7.996553003362928402e-01,7.906785244371566934e-01,7.684563949358821366e-01,9.249612041235911741e-01,9.999999987861816209e-01
9.372145537508743685e-01,9.140709274555131048e-01,9.058055892700705991e-01,8.888352671850653364e-01,9.554283604064072177e-01,9.999999990394502491e-01
1.035642090519665492e+00,1.052639062765795774e+00,1.063553255943193276e+00,1.074224528243259869e+00,1.158159037207074027e+00,9.999999997346583624e-01
1.065042314487665509e+00,1.086088106807433062e+00,1.090588253474670477e+00,1.106464331876712226e+00,1.050194797775325428e+00,1.000000000275958589e+00
8.245838529141324980e-01,7.050271872403147677e-01,6.721475116661085325e-01,6.345025788902928232e-01,9.776295443596892953e-01,9.999999995854103041e-01
8.350029833199552609e-01,7.829367050316511367e-01,7.677292842562452035e-01,7.476048958528636046e-01,1.096654188543625175e+00,9.999999996164322669e-01
1.035890853733840045e+00,1.055725474650974993e+00,1.061849642072483002e+00,1.069046046691345619e+00,1.426974781068283793e+00,9.999999991638369723e-01
1.066407139945258820e+00,1.102163251766297591e+00,1.109489979863481857e+00,1.124417028598776902e+00,1.055710943502617738e+00,1.000000000013027135e+00
1.052702039465968298e+00,1.090188083312499279e+00,1.098835374198589454e+00,1.121179003584084066e+00,1.040939245931302271e+00,1.000000000143563827e+00
1.060368134575271792e+00,1.087730264704355854e+00,1.096034121642802228e+00,1.117126099472958378e+00,1.043630602688002229e+00,1.000000000064136474e+00
8.498611627893718490e-01,7.860642347213254721e-01,7.736221511964274100e-01,7.415456771453394769e-01,1.026196334439115354e+01,9.999999997062428703e-01
8.208205748779472399e-01,7.097901325890989543e-01,6.830680827752660944e-01,6.117543404853669209e-01,8.654984616582920287e-01,9.999999995273833875e-01
1.069723833158252591e+00,1.090841397916889832e+00,1.101517111590576192e+00,1.118302191979055227e+00,1.036895116544398254e+00,1.000000000045332627e+00
7.469437369427849305e-01,6.116024218832987192e-01,5.931967130585095171e-01,5.639894957415720889e-01,8.086255100456660738e-01,9.999999995797531627e-01
9.078384184645424959e-01,8.745561597846083224e-01,8.658523623811373859e-01,8.462885058248698078e-01,1.086323655344521466e+00,9.999999978783959964e-01
8.236712024839374369e-01,7.370958088362306038e-01,7.207792835769802897e-01,6.719310162487737159e-01,8.747880944855505048e-01,9.999999993509532947e-01
8.618854780698866902e-01,7.542480943186320452e-01,7.411081830581279783e-01,1.090102283954232920e+00,1.016115904326537978e+00,9.999999997818590503e-01
1.051552746783363634e+00,1.084691493110334637e+00,1.091904364343513789e+00,1.111271988732083438e+00,2.922802771533880239e+00,9.999999997172748234e-01
1.055884571428159280e+00,1.096993913452645852e+00,1.102398389882104368e+00,1.115630962878991328e+00,1.039561713836550272e+00,1.000000000060316419e+00
8.744511995153769757e-01,8.302404569960598613e-01,8.113808066074318370e-01,7.816488691687838442e-01,9.135163892632787164e-01,9.999999980252545217e-01
1.072296665737293653e+00,1.100506490855561958e+00,1.103175643141080187e+00,1.122912492447278421e+00,1.050066237780600265e+00,1.000000000232931008e+00
9.112616324004040314e-01,8.491829069337366587e-01,8.381861157570903442e-01,8.101419522855928257e-01,9.529532060326527665e-01,9.999999995673314324e-01
8.764946614760222854e-01,8.342817097734482878e-01,8.221375083174284892e-01,7.997514858519489955e-01,9.238956615770619329e-01,9.999999993214235827e-01
9.010093947810746684e-01,8.679444485647967999e-01,8.613239803282181084e-01,8.477567233175918870e-01,9.201197161056025031e-01,9.999999990095312929e-01
8.731352494662819597e-01,8.254213923327258229e-01,8.209667806248373001e-01,8.083190107219091480e-01,1.034139178890902455e+00,9.999999986383385497e-01
1.026541663369294310e+00,1.035557334818714370e+00,1.038309266715027768e+00,1.050032591183846842e+00,1.021643288809922945e+00,9.999999999741174816e-01
1.074867717330782790e+00,1.103472315656167213e+00,1.106182827008367120e+00,1.121152557292908636e+00,1.054006031166322854e+00,1.000000000093619112e+00
8.613709603995264308e-01,7.990694835258406181e-01,7.784488387327324066e-01,7.380124908658367566e-01,9.054861039918694621e-01,9.999999991678295563e-01
1.072864632971417542e+00,1.095344940996124228e+00,1.100943511958586862e+00,1.116133732958810576e+00,1.051413701376219922e+00,1.000000000024094726e+00
1.058291541222696530e+00,1.082006544436053153e+00,1.094561128281299478e+00,1.111784721590410641e+00,1.037060330924407081e+00,1.000000000023764102e+00
8.105352200528764817e-01,6.678068047435868904e-01,6.207982936579523603e-01,5.763411932557263029e-01,2.555658029309321222e+01,9.999999995457903301e-01
7.827039765575233288e-01,6.491450725737906158e-01,6.272269179506133607e-01,5.634778804379795281e-01,8.612808260786386505e-01,9.999999997715571798e-01
1.050588907710668707e+00,1.070090745021952339e+00,1.073609480330151467e+00,1.083192155011158730e+00,1.813986858257559120e+00,9.999999997636865867e-01
8.537587013166174632e-01,7.776930888403512654e-01,7.610303083654359479e-01,7.243194740601991422e-01,8.959271100039941649e-01,9.999999993205893611e-01
9.486821466164615524e-01,9.360556077034898337e-01,9.293933289835397682e-01,9.194081195215070279e-01,9.710349403861099349e-01,9.999999988699220799e-01
7.958251059432356334e-01,7.371443046160992552e-01,7.173575203682512891e-01,6.505524740446388954e-01,8.603981692630842115e-01,9.999999992950169281e-01
8.569762975563672835e-01,7.741359097890403440e-01,7.607664266650375762e-01,7.270452202332818858e-01,8.848041635749106515e-01,9.999999990579159226e-01
9.999370233694739873e-01,1.000206105316678418e+00,9.974322060646708676e-01,9.966007523934840018e-01,1.000941854912352769e+00,9.999999998241555499e-01
9.998589056500791772e-01,1.013280954023767944e+00,1.015449139465821826e+00,1.026270435782989043e+00,4.151460607402377434e+00,9.999999987466212659e-01
9.275018258389312598e-01,8.731939804001314087e-01,8.547590355051016831e-01,8.275112001875556400e-01,9.684393608465114989e-01,9.999999990797148186e-01
8.672536858062381837e-01,8.034504632853610717e-01,7.849319417894470297e-01,1.136125743439496873e+05,1.041723604069944686e+00,9.999999995698367616e-01
1.055928149469410160e+00,1.085829347130012890e+00,1.094288657903762951e+00,1.111779213788435916e+00,1.030706838965670835e+00,1.000000000080264240e+00
1.002075344398063450e+00,1.006917472440050698e+00,1.006822324214872610e+00,1.012722266876968646e+00,1.164872138109682354e+01,9.999999992241438429e-01
8.526443904400646812e-01,7.919460098734070197e-01,7.849979054023175085e-01,7.614652492779787618e-01,8.939637347107782794e-01,9.999999975658683260e-01
1.026861260916706042e+00,1.041070822173596921e+00,1.042945311416682452e+00,1.053467512950398977e+00,1.024175477891556385e+00,1.000000000582389692e+00
1.045928446956364333e+00,1.073416281021284613e+00,1.083213357122743803e+00,1.096369326068707517e+00,9.092797105073971986e-01,9.999999997680308894e-01
1.055542615822285812e+00,1.079418310243577039e+00,1.087358216628209417e+00,1.104259061861752267e+00,1.068137066240569411e+01,1.000000000257049715e+00
9.063660840958885911e-01,8.648882768898392692e-01,8.461847269145695849e-01,8.086639913627950982e-01,9.517001843935587457e-01,9.999999995207318193e-01
1.064016681763259697e+00,1.091573073799374072e+00,1.096487706011758156e+00,1.107774448731157380e+00,1.043452123118425501e+00,1.000000000241560549e+00
9.808398556488282516e-01,1.012384342243119351e+00,1.017473399202477369e+00,1.049060666478454973e+00,1.011362476596148863e+00,9.999999998158131120e-01
8.101181640886851998e-01,6.695293860068799452e-01,6.273534824555955236e-01,5.562922400743726126e-01,8.694065574647433792e-01,9.999999997226410864e-01
1.022122444536116337e+00,1.052472577181099878e+00,1.060173754227833776e+00,1.067399315363386725e+00,1.015893911331100519e+00,1.000000000104267484e+00
9.588341238060228422e-01,9.460695068569527910e-01,9.447235071929405148e-01,9.404311712320218009e-01,1.176248567540442735e+01,9.999999983679868087e-01
8.537522318792225562e-01,7.470838717344736590e-01,7.180039453962695495e-01,6.732903365708147181e-01,1.137048363923431227e+00,9.999999989480115037e-01
1.012519191859073686e+00,1.029364132476955351e+00,1.035240248829383036e+00,1.038580183810418500e+00,1.007655580050428989e+00,9.999999999287330077e-01
7.632315930547642902e-01,5.928007145759610630e-01,5.668411159996532556e-01,5.116451271850935845e-01,8.604631363824588597e-01,9.999999996535277047e-01
9.834579569491731510e-01,9.618405285891373779e-01,9.582329754652544329e-01,9.534557246651750306e-01,9.905924878635165021e-01,9.999999995882551396e-01
8.852240333181897736e-01,7.967739326423277646e-01,7.741494669651632909e-01,7.211769629167015250e-01,9.256486168113156054e-01,9.999999992283815642e-01
9.889737439683861098e-01,9.855247991590490031e-01,9.854906379465168120e-01,9.851610471863119223e-01,4.041166997408953243e+00,9.999999990017917062e-01
1.028539558671872634e+00,1.047579115523736615e+00,1.051000444320883354e+00,1.061432289004472063e+00,4.832292528974982737e+00,9.999999992613226585e-01
1.062028120387668029e+00,1.102680494806127731e+00,1.107676782259510162e+00,1.120346437628689129e+00,1.038714753836371685e+00,1.000000000048539395e+00
9.232332371313317632e-01,9.108645012753626702e-01,9.053096872227969216e-01,8.981845301117549196e-01,9.522324721424841876e-01,9.999999974912987533e-01
8.267152214399412502e-01,7.521394754404591154e-01,7.147767431640866809e-01,6.720516683785811018e-01,8.947427085309728190e-01,9.999999993763274420e-01
7.711139997149033531e-01,6.484233982588035738e-01,6.174844203944326315e-01,5.717129462149602714e-01,8.559596792628911821e-01,9.999999993929623576e-01
1.027818213106313383e+00,1.039780935159624331e+00,1.043974066137421275e+00,1.057285936500989676e+00,6.309505528031612442e+01,9.999999998803833501e-01
9.502921579110238381e-01,9.096362834584642565e-01,9.016954204651179694e-01,8.822973910696738642e-01,1.054780241283220121e+01,9.999999986150711617e-01
1.023348950186189654e+00,1.030732230082241463e+00,1.031368587273984394e+00,1.036483092839648679e+00,1.766684891651118505e+01,1.000000000935134858e+00
8.187698884399869925e-01,6.563785859014060753e-01,6.362083844419113010e-01,5.821394337757367365e-01,6.179387691006234640e+00,9.999999997615810488e-01
1.033916952604961415e+00,1.051400576271182663e+00,1.055708331724134474e+00,1.065794138358219900e+00,1.030026783529321754e+00,1.000000000275499179e+00
1.049262791992796373e+00,1.070102469472422602e+00,1.074971662127933492e+00,1.086850758812974327e+00,1.039912471197959487e+00,1.000000000150016888e+00
9.179518740386393150e-01,8.948695079264730179e-01,8.912487628157369501e-01,8.856206149304481912e-01,9.421096964157958942e-01,9.999999991871507676e-01
1.067965158186606534e+00,1.092197555528686914e+00,1.097879650493144732e+00,1.111331360395152457e+00,1.048855581009517701e+00,1.000000000001686429e+00
8.138032581688339206e-01,6.921145526947017901e-01,6.696195624434309046e-01,6.319958307829572908e-01,9.941345823954599314e-01,9.999999986516694417e-01
8.094639170750664858e-01,6.779581974687345358e-01,6.524658977269820470e-01,6.164209945108789501e-01,1.016422872603095495e+00,9.999999997783372008e-01
8.369593555577785615e-01,7.249103448833699170e-01,7.110038272613138366e-01,6.772469646560915768e-01,8.926779212084769988e-01,9.999999992963013451e-01
7.754014124999788482e-01,7.062531919169422467e-01,7.005446867821443213e-01,6.772233752459698719e-01,9.017887094871300802e-01,9.999999994316143281e-01
7.716905592217840892e-01,6.605209546253446584e-01,6.405932246636134586e-01,6.021922245249450301e-01,8.479152152656058705e-01,9.999999996327567642e-01
9.348647934232715562e-01,9.049180895642442435e-01,9.000621648716617962e-01,8.930495326401072242e-01,9.510312565981062782e-01,9.999999988453599498e-01
9.386652005170195157e-01,9.178183215585156152e-01,9.104696844571149583e-01,9.043736068311585274e-01,1.392105753718809069e+00,9.999999989214162222e-01
7.868129914229234911e-01,6.723110954968213315e-01,6.431302838141261802e-01,5.575096667080473578e-01,8.725180249727760851e-01,9.999999995587489643e-01
8.444441531290070024e-01,6.986006823029683455e-01,6.531614497821491838e-01,5.651871182739596211e-01,8.725753132193145856e-01,9.999999995598986002e-01
8.018869333876962324e-01,6.473333326139399935e-01,6.145365559165624214e-01,5.393532818013189178e-01,8.879070989577565465e-01,9.999999997426698428e-01
8.724420674399060438e-01,7.754544117224212441e-01,7.645589802794545697e-01,7.295042969900659147e-01,9.280634261512447081e-01,9.999999992172158292e-01
1.003150425862135986e+00,1.018658921816094187e+00,1.019351021762480158e+00,1.021295965599541722e+00,1.443667821925014971e+00,9.999999990550360041e-01
9.562223552084480049e-01,9.499661320119786589e-01,9.443139004818216220e-01,9.349824379799289709e-01,9.740087669840857831e-01,9.999999991019543621e-01
1.078737680015128486e+00,1.095650914662214648e+00,1.102475031368889136e+00,1.117183740262621461e+00,1.040885527161742097e+00,1.000000000366267017e+00
7.937010084269514598e-01,7.400962443275467262e-01,7.232861122883900151e-01,6.989983342095753560e-01,2.083384088624255170e+01,9.999999993211255989e-01
1.011431207823795253e+00,1.027081383091396960e+00,1.028900470509649168e+00,1.034648055175240611e+00,5.354643675763332666e+00,9.999999990955849016e-01
8.640276411881410157e-01,7.733180329629033567e-01,7.560177749967799121e-01,7.106143873374287656e-01,9.047528492741182538e-01,9.999999995019380750e-01
7.345102983759481674e-01,6.643065731240449523e-01,6.430193796742074142e-01,5.961680265303705983e-01,8.275148436999560930e-01,9.999999995002968323e-01
9.652556103620791861e-01,2.626272947340198005e+00,2.695267054669226781e+00,9.460190358148755640e-01,9.638357650296758283e-01,9.999999984700111977e-01
1.052138506074747237e+00,1.078626848692511908e+00,1.085480875264644318e+00,1.098780571114996718e+00,1.027056580096612937e+00,1.000000000192267979e+00
9.123052499329099563e-01,8.796930777539332391e-01,8.671758361872731191e-01,8.583691221651659209e-01,9.359932397074656185e-01,9.999999977047048239e-01
1.066407926214475443e+00,1.088187784268957570e+00,1.094125944131453476e+00,1.111042340858217514e+00,1.042586123923195496e+00,1.000000000176664905e+00
9.333814453682744983e-01,8.949542119301421295e-01,8.893166717410602162e-01,8.723137567908509915e-01,1.130513105133306873e+01,9.999999992413796113e-01
1.024235588855326951e+00,1.033427660484115940e+00,1.035410928900817318e+00,1.039116608725221047e+00,1.013555635084880446e+00,9.999999998449086158e-01
8.586187320313880544e-01,7.808543938647044547e-01,7.612640163323022291e-01,7.200161727175917736e-01,8.958072981947180491e-01,9.999999987723025008e-01
8.693461741237208384e-01,8.014556714952476568e-01,7.872514082289576720e-01,7.784760324038990653e-01,1.012966783894135858e+00,9.999999997115539552e-01
1.057908861855017868e+00,1.102142092179260180e+00,1.106931123973258435e+00,1.119853778836414016e+00,1.040820392792657367e+00,1.000000000005769385e+00
9.466822420927524240e-01,9.256582806334546776e-01,9.173762345442473265e-01,2.045174660356268869e+05,1.043365907274673932e+00,9.999999986020826626e-01
9.330866351708643203e-01,8.846094785137593730e-01,8.771672494944469101e-01,8.617229522738482084e-01,9.709418158044215152e-01,9.999999999256042882e-01
7.896087669054422387e-01,6.835122754718150340e-01,6.989057415786877892e-01,6.321344898689911229e-01,1.006289778864403628e+00,9.999999997261881379e-01
1.072335867385444175e+00,1.100496472545916982e+00,1.106075255186983242e+00,1.115500446733604933e+00,9.133190236585096500e+01,1.000000000026497249e+00
9.883437817403460945e-01,9.840804119779842374e-01,9.829887274721390567e-01,9.803384534875796419e-01,9.891627693558924239e-01,9.999999988186265565e-01
8.077847571597298604e-01,6.838947393659958740e-01,6.712933533381157947e-01,6.306331974572604304e-01,8.714735256854884149e-01,9.999999994299930695e-01
1.068778615576771118e+00,1.092246138399482591e+00,1.095940350288989285e+00,1.111428470001560198e+00,1.049055447089086268e+00,1.000000000167021508e+00
9.642122370387442576e-01,9.478749317834899157e-01,9.323552988221442961e-01,9.245224170673026487e-01,9.737019192292086789e-01,9.999999985651125689e-01
9.940301487324234575e-01,9.871258464781815789e-01,9.893924568279456322e-01,9.462423572830552075e+03,1.003915386701001999e+00,9.999999994494106481e-01
7.825899871553267939e-01,6.620921168216949981e-01,6.416532157458447738e-01,6.022325860642687712e-01,8.613436039500473873e-01,9.999999994690833560e-01
8.581705165000044211e-01,8.010188336314038038e-01,8.036368103075465230e-01,7.926698101591532764e-01,1.010932576903533331e+00,9.999999994189432417e-01
1.059090357328518417e+00,1.096852559270491856e+00,1.104341744586645024e+00,1.120071082177638733e+00,1.034947659164947131e+00,1.000000000382049725e+00
1.055665458189602779e+00,1.071695922385557997e+00,1.075223256302390462e+00,1.085064409982500422e+00,4.701721210016396313e+00,9.999999995076793713e-01
7.986352154259862557e-01,6.802311063200358054e-01,6.637698726171022967e-01,6.120959268296599642e-01,8.391616257602971807e-01,9.999999995380896012e-01
1.083994493907581846e+00,1.105798139635160604e+00,1.109512947287186746e+00,1.121992901275016719e+00,1.057617469576386027e+00,1.000000000012116308e+00
8.754106141285257214e-01,8.057144373056851494e-01,7.856261785605551662e-01,7.676964986634815524e-01,8.919881153216022707e-01,9.999999990258452431e-01
1.075210920431176165e+00,1.099614172119583344e+00,1.104388425347381242e+00,1.119064134982264314e+00,1.052786455651031350e+00,1.000000000104892983e+00
8.715811860975976044e-01,7.901160407974652244e-01,7.644679458629752844e-01,7.104246333851922390e-01,1.483675521921042240e+00,9.999999993164366829e-01
8.983768435748488157e-01,8.630290881604752995e-01,8.593752659208994116e-01,1.008471689893843948e+00,9.764655226110473540e-01,9.999999982850261704e-01
8.926971579675719859e-01,8.614002791959119998e-01,8.529085273649672505e-01,8.359122522449260462e-01,9.236345755523440726e-01,9.999999985329082186e-01
8.258352505195096782e-01,7.223476522214635764e-01,6.992638827081586461e-01,6.622625171849561010e-01,8.878083075780970335e-01,9.999999993597117331e-01
1.069370159392956099e+00,1.107133211083735302e+00,1.114647845887445143e+00,1.127669207477806745e+00,1.039102685476650523e+00,1.000000000029567238e+00
7.731930783171809818e-01,6.420549132852637619e-01,6.258968446616597348e-01,5.029413869095843984e+04,9.955532901573026505e-01,9.999999996600648089e-01
9.052562167036970475e-01,8.081080551951341784e-01,7.880747804880927632e-01,7.582135498056125078e-01,9.237342441916687186e-01,9.999999988922151362e-01
1.085969840999482461e+00,1.113894706414509495e+00,1.118694678823252353e+00,1.130854540638926542e+00,4.622051262048409370e+01,1.000000000072540196e+00
9.851754306201726541e-01,9.746723117190737584e-01,9.722586744768491052e-01,9.679682515452815439e-01,9.896335639973014020e-01,9.999999989352170715e-01
1.034088095008679931e+00,1.051961375601311532e+00,1.055046982872342332e+00,1.064832635400626559e+00,1.022888754002950762e+00,1.000000000051402216e+00
8.236562708476141692e-01,7.200169888986859279e-01,7.072154470207285826e-01,6.468432295959498646e-01,8.694596891807018224e-01,9.999999994877553089e-01
9.594983103402445757e-01,9.498060823096406979e-01,9.427651445595870427e-01,5.114053055105594103e+04,1.045690723675930300e+00,9.999999995334126757e-01
8.064238794774417629e-01,7.181240064463368933e-01,6.956985213347239849e-01,6.332112217540315502e-01,2.979197659445811830e+00,9.999999994873681741e-01
9.836367859491385035e-01,9.604369951714512021e-01,9.612059641313632774e-01,9.650219475080129561e-01,1.036884670535374697e+00,1.000000000014510615e+00
7.941350548302900103e-01,7.022521692896681600e-01,6.849514150000196588e-01,6.437170901506729104e-01,8.850067221038037113e-01,9.999999995408029863e-01
1.064772634115077388e+00,1.096968247638999916e+00,1.103076035528381738e+00,1.121045752321844668e+00,1.036800132228473892e+00,1.000000000027530200e+00
8.087652911448931503e-01,7.593316212680037980e-01,7.391583489957025410e-01,6.933508800381563697e-01,1.288313959117809482e+01,9.999999993392518771e-01
1.033890099551494357e+00,1.052939218919019204e+00,1.058446535156217561e+00,1.068616698525414854e+00,1.018402780559551024e+00,1.000000000484878360e+00
1.026787420215602653e+00,1.065289609851764130e+00,1.067576553864076905e+00,1.080815378705862084e+00,1.017683090646630761e+00,9.999999995292223609e-01
9.482198602941160903e-01,9.274480323236751200e-01,9.256768537604153080e-01,9.186062126659301219e-01,9.673169140632221774e-01,9.999999993878549986e-01
7.519443375493479742e-01,6.480266383269577268e-01,6.351431886501289759e-01,5.699594898461854964e-01,8.180991269494751750e-01,9.999999994767349021e-01
9.554231997903798179e-01,9.341951136757455920e-01,9.267089200749578648e-01,9.172115436214767215e-01,9.934074056821211585e-01,9.999999992951580374e-01
1.000035439172130447e+00,9.999810903870095524e-01,4.846229470427739550e+00,1.014688437479162930e+00,1.011757504659012596e+00,9.999999996691175674e-01
8.634489326331332704e-01,8.077074541527112794e-01,7.937594175558012610e-01,7.571893962193783079e-01,6.975643779417434409e+00,9.999999994692375660e-01
9.944971433566339725e-01,1.001078656675626011e+00,1.002611672603214377e+00,9.976324430735958870e-01,9.934149251511621426e-01,9.999999993364274697e-01
8.410678263407836974e-01,7.545780533686707869e-01,7.436211844530972170e-01,7.199672951979037006e-01,1.030124824102457026e+01,9.999999996381849776e-01
1.031747262171301527e+00,1.047368136385120163e+00,1.048620475344870018e+00,1.051512347623804855e+00,2.713561228422361182e+01,1.000000000008467449e+00
1.041626450416871075e+00,1.069716722288952759e+00,1.077140319360506249e+00,1.086623279343826187e+00,1.371047344359832465e+01,9.999999989689328794e-01
8.642421824212288550e-01,7.902697245119262304e-01,7.810487845476065116e-01,7.330930159064927842e-01,9.056800641678829367e-01,9.999999989088075303e-01
1.033399237045950603e+00,1.050581429540698997e+00,1.055949404609482833e+00,1.066974633406387429e+00,1.017591146497856869e+00,9.999999995031016997e-01
8.684495326330045062e-01,7.865624111639609728e-01,7.762433940573271185e-01,7.231812325758121274e-01,9.160237504392771957e-01,9.999999989773435960e-01
8.191376244902152104e-01,7.185499525410034005e-01,7.004782493035980329e-01,6.714909295227377006e-01,8.930393667647913425e-01,9.999999979927995941e-01
9.571004371091765828e-01,9.457927606477077864e-01,9.432835135803988580e-01,9.359667338589046093e-01,4.452618904884668183e+01,9.999999985989298512e-01
1.057599537874994056e+00,1.082317471688017507e+00,1.081969807587349841e+00,1.113130016091531616e+00,2.808121256055290171e+00,9.999999997768455051e-01
9.477406746663085135e-01,8.972609966218481059e-01,8.918386327798359936e-01,8.809831098774163483e-01,1.538676549141358096e+00,9.999999996564171711e-01
1.058210632100681003e+00,1.092097061089226662e+00,1.102004370429076507e+00,1.117419940802199863e+00,1.039121519463059196e+00,1.000000000007056578e+00
1.063125258680311713e+00,1.107428037438891844e+00,1.112695267807689126e+00,1.125274437568875685e+00,7.867299696548442967e+00,9.999999997627126991e-01
1.081474860394206372e+00,1.105969715520382035e+00,1.111997131428753782e+00,1.127471497380555299e+00,1.041617067981857492e+00,1.000000000023662183e+00
9.162151331639523111e-01,8.620006584467134747e-01,8.519497851904759278e-01,8.233335916078879935e-01,9.333815541094747648e-01,9.999999994902636358e-01
8.581030776825490092e-01,7.732914068471300473e-01,7.607065716471770322e-01,7.324447187830495087e-01,9.128260186385021013e-01,9.999999988988391708e-01
8.395576199713833399e-01,7.376351343458992238e-01,7.257767272028795569e-01,7.009432858293489499e-01,2.766255249994650445e+00,9.999999996104050881e-01
1.067824223836257191e+00,1.092464678615651552e+00,1.099423207643355660e+00,1.114471247543155519e+00,1.040218954362900572e+00,1.000000000014498847e+00
1.011563215012085459e+00,1.005454229761880480e+00,1.002168587763333507e+00,9.978197790732028505e-01,1.010375273537076790e+00,9.999999992265115045e-01
9.029182767976312585e-01,8.746879192074367149e-01,8.685707437539446074e-01,8.626102286878356562e-01,9.458113352743339197e-01,9.999999985967990002e-01
9.291328709366550864e-01,8.927014573731644198e-01,8.857666792832609159e-01,8.699672669957104754e-01,1.986292429584243902e+00,9.999999993496122563e-01
1.066130559236537545e+00,1.089001150726365497e+00,1.097843294668486624e+00,1.113533616708223262e+00,1.043574477606453721e+00,1.000000000125101263e+00
1.060368778549198643e+00,1.087409901643743737e+00,1.094413448085097773e+00,1.109862891727414702e+00,1.049170502378183212e+00,1.000000000075406792e+00
7.554245440246333265e-01,6.460082213145460495e-01,6.196679033420180449e-01,5.775896188182498836e-01,8.381166336679672924e-01,9.999999997511387351e-01
9.614747144851563121e-01,9.307770191795574632e-01,9.227893842763262855e-01,9.049720620512807789e-01,1.712811876474038320e+00,9.999999992808000782e-01
9.343934057268142857e-01,8.704672767469092687e-01,8.626906857203124890e-01,8.417599717866985909e-01,9.514650599064878866e-01,9.999999987430161497e-01
1.044952740782005618e+00,1.060797088720730530e+00,1.068429539573829246e+00,1.082472990187231643e+00,2.627926300411861149e+01,1.000000000356168428e+00
1.060978441402398831e+00,1.100731105926827658e+00,1.107147092274001210e+00,1.119752826984763416e+00,1.046263187864772570e+00,1.000000000072286621e+00
1.034905255677793567e+00,1.049800728910892156e+00,1.051028509825708834e+00,1.054862502566368709e+00,1.026235493332962934e+00,1.000000000311261683e+00
1.060729198131031170e+00,1.093215602321227831e+00,1.100371756510415189e+00,1.120950645232333009e+00,1.042674402711820214e+00,1.000000000015303092e+00
1.061029915323196127e+00,1.095081658949816683e+00,1.099842083484014355e+00,1.114679915239924934e+00,1.047978384427535437e+00,1.000000000114570575e+00
7.684394799055901393e-01,6.423529337947649909e-01,6.288014572446274375e-01,5.954405275115774998e-01,8.496455191994034539e-01,9.999999995600195035e-01
1.053529937272678518e+00,1.089856906329760289e+00,1.099783975975095807e+00,1.119016550215978789e+00,1.030375491543823241e+00,1.000000000017287727e+00
8.331018272458615703e-01,6.924028289248166379e-01,6.824754365108907095e-01,6.497964661663205854e-01,8.854840368439386156e-01,9.999999992680488337e-01
1.039571640928386165e+00,1.065355212270082008e+00,1.072872221112499469e+00,1.088322968918583156e+00,1.028649988300428975e+00,1.000000000115624177e+00
9.617797177398099695e-01,1.051401689832360375e+00,1.986192181302902204e+00,1.049199144483835999e+00,9.051047993401267755e-01,9.999999993722421543e-01
1.055059307170607363e+00,1.093493191473048798e+00,1.098766619582048021e+00,1.116810309283516878e+00,1.038707937971369510e+00,1.000000000090669694e+00
8.252158916639784625e-01,7.620489899605172868e-01,7.453435455319576963e-01,7.133271388311096528e-01,6.022842441371437872e+00,9.999999993735106951e-01
9.999370704932979415e-01,9.929619266242989406e-01,9.912755474945081913e-01,9.886402769833938509e-01,1.362164985954880114e+00,9.999999992171461072e-01
1.014759019991697375e+00,1.021593954463967391e+00,1.019928677889004653e+00,1.021989245948879521e+00,3.345204585769752015e+01,1.000000000010643486e+00
1.017477917583482938e+00,9.991345117890625405e-01,4.979159173721951603e+00,1.063919320674753033e+00,1.024729591278907614e+00,9.999999996373953870e-01
1.046338630369958445e+00,1.062689580814794255e+00,1.067528739194109288e+00,1.076742899244368612e+00,1.021414559266507593e+00,9.999999996875804653e-01
9.332289998780324281e-01,8.957409344644874372e-01,8.740753135355967540e-01,8.507927573002158628e-01,1.054325245487911733e+00,9.999999992761414713e-01
9.461162820373240079e-01,9.239429245389685352e-01,9.199807204949463912e-01,9.085234107554628347e-01,9.949225913648822583e-01,9.999999992479291500e-01
1.090119886007647088e+00,1.102087952682543115e+00,1.105237765338972000e+00,1.114900435906058584e+00,1.063747245959457688e+00,1.000000000144233070e+00
1.054355310236615439e+00,1.091179282102639148e+00,1.099783194803487740e+00,1.111057688984353309e+00,1.042801015516794161e+00,1.000000000280970802e+00
1.005570683653722375e+00,1.020266267376569003e+00,1.024140283435465149e+00,1.027781447652458269e+00,1.012456741479606848e+00,9.999999992506849456e-01
8.093404487442543704e-01,7.338695830449336599e-01,7.207881938001450273e-01,6.948726804372540311e-01,8.917324930351507861e-01,9.999999989148190549e-01
1.074796610292078958e+00,1.106734165799763359e+00,1.112051138987739884e+00,1.124565394355151682e+00,1.052514043208285788e+00,1.000000000167614145e+00
7.947527761553586645e-01,7.018854074816330835e-01,6.661186386298659778e-01,6.223710890141224139e-01,8.542104314701356449e-01,9.999999995803348085e-01
1.067751141807665283e+00,1.089524912134877344e+00,1.101482275604165117e+00,1.118703952288196524e+00,1.039163875843554852e+00,1.000000000490883334e+00
1.047121814765752834e+00,1.081291099657116117e+00,1.090113876388782987e+00,1.110087554710313285e+00,1.028825910237646912e+00,1.000000000088596908e+00
1.068143872182089060e+00,1.104595103664184341e+00,1.109959023407599110e+00,1.124505927838200137e+00,1.040934509939996699e+00,1.000000000151251012e+00
8.174831790779824026e-01,7.174860886353943146e-01,6.999563789933975766e-01,6.593389659561769145e-01,4.707480379977189955e+01,9.999999991561803192e-01
9.141245823896083644e-01,9.004933994869185332e-01,8.945077855556052837e-01,8.816257556197426570e-01,9.491618907252074022e-01,9.999999980700144953e-01
7.746132958529959867e-01,6.738412693731803405e-01,6.599478773954126076e-01,6.221290985020982989e-01,3.081451274792239570e+00,9.999999995765356253e-01
1.075537471507106435e+00,1.103928346150645723e+00,1.106395529456767557e+00,1.114247223998823255e+00,1.049649169444354824e+00,1.000000000306371373e+00
9.789827381480553647e-01,9.530874426308272307e-01,9.513978969882722625e-01,9.492707485914531063e-01,9.890873965258883960e-01,9.999999998309270222e-01
1.062966074950032258e+00,1.090993940126163908e+00,1.100047431771274509e+00,1.115172775900765467e+00,1.048520084832437638e+00,1.000000000014872326e+00
9.617316535897261209e-01,9.306964048607665463e-01,9.278057111665992673e-01,9.164709200329598238e-01,9.726918473702046430e-01,9.999999989514789522e-01
9.438021890933530056e-01,9.153767377543026162e-01,9.137748311110792665e-01,9.087152557419417853e-01,5.005139629888375197e+01,9.999999981404800176e-01
1.046553678571693125e+00,1.052077333587604580e+00,1.053012909301430211e+00,1.063299836165257917e+00,1.024548739073650516e+00,1.000000000233350006e+00
1.074129730110059189e+00,1.105501134369166083e+00,1.109509805512653102e+00,1.121265412732035838e+00,1.057881651991844585e+00,1.000000000192783789e+00
1.077914479239354462e+00,1.103530541845327617e+00,1.105599943106641891e+00,1.118212071976282473e+00,1.044834436919324094e+00,1.000000000106857190e+00
9.976991709227917005e-01,9.969961114253909074e-01,5.386436558213667780e+01,6.793224788842407236e+01,9.971496615533917973e-01,9.999999992029716678e-01
9.062275302359913409e-01,8.612679092056080288e-01,8.420198708618246153e-01,8.003012562877765967e-01,9.357183800530411988e-01,9.999999998183375371e-01
9.905646554635951784e-01,9.805271028891335838e-01,9.813525908016809129e-01,9.731964848375748156e-01,9.970918119140481650e-01,9.999999988827035224e-01
1.045590420594413317e+00,1.054558510897510626e+00,1.058214787661984957e+00,1.065261363273226625e+00,1.030306014604065235e+00,1.000000000488161733e+00
9.362291271326659281e-01,9.010318982120797404e-01,8.985854461317714925e-01,8.893750848670257669e-01,9.669066632393930050e-01,9.999999991768278029e-01
8.933080703834883618e-01,8.336489267781215240e-01,8.186982469810212271e-01,7.868225313263269571e-01,9.237092816760035241e-01,9.999999985553722492e-01
1.048483443413506855e+00,1.063894146295715215e+00,1.065659342190144354e+00,1.072842988433230671e+00,1.099102977528568914e+01,9.999999993250683339e-01
1.062582955685969832e+00,1.092811043258578918e+00,1.095541089398953005e+00,1.103478576403911893e+00,1.047208263530686523e+00,1.000000000092669428e+00
9.657984313171542601e-01,9.306256691045766694e-01,9.290051125952449862e-01,9.228663788091001630e-01,9.805737982850628587e-01,9.999999993154646827e-01
9.869859889347037951e-01,9.930440938092758296e-01,9.923290754721252327e-01,1.000749803616087119e+00,2.412498516260695780e+01,1.000000000015950796e+00
1.039773176643754571e+00,1.065727746575996004e+00,1.079931193268345524e+00,1.099621035597867946e+00,9.299589842426816411e-01,9.999999996156599957e-01
7.876878000931958335e-01,6.892478432957017676e-01,6.612636689559652226e-01,6.121940419196447714e-01,8.744460934363924576e-01,9.999999994156233418e-01
1.045965235596185261e+00,1.096033922139779015e+00,1.107069574279619051e+00,1.123744195309510419e+00,1.035298809393804476e+00,1.000000000063856032e+00
8.422649051687161048e-01,7.182756648048410630e-01,6.916585853554676477e-01,6.468579939006657842e-01,8.994796126064745767e-01,9.999999995059850599e-01
9.360837128459584822e-01,9.052081060945473823e-01,9.012602427135989469e-01,8.938691110654788385e-01,9.433441912207457536e-01,9.999999992752036659e-01
7.636368619891696907e-01,6.415604932141811823e-01,6.179669978096108407e-01,5.618709001546877690e-01,4.730898108470200647e+00,9.999999996210838793e-01
9.081024296741316837e-01,8.519139410041032257e-01,8.385958740532813982e-01,8.150699978019478875e-01,1.030059493921511304e+00,9.999999993487551642e-01
1.008824914088902958e+00,1.018076319627754689e+00,1.018978697167814307e+00,1.023827165875755618e+00,1.007895421824415827e+00,9.999999999275469564e-01
8.185536705005076463e-01,7.032105749013827234e-01,6.830107351410512617e-01,6.310353673111860351e-01,8.853754352571737707e-01,9.999999995308891387e-01
1.040997893529377993e+00,1.088641166326262066e+00,1.093657845425650477e+00,1.107554641480729352e+00,1.034770451373122402e+00,1.000000000194336325e+00
1.053454922072995181e+00,1.070502711420143971e+00,1.073327650161806535e+00,1.080084190646287912e+00,3.469596825970514775e+00,9.999999989736608752e-01
1.083691162244659223e+00,1.104085716810611739e+00,1.108435335449892811e+00,1.119698276497054668e+00,1.055122395573812044e+00,1.000000000011772583e+00
7.676392785112997608e-01,6.936530613806746182e-01,6.697938152758791119e-01,6.201686969554346396e-01,8.586149092243791081e-01,9.999999994018885507e-01
9.312211031358400559e-01,8.764712917975527873e-01,8.649502920363009162e-01,8.334901299364911864e-01,9.501220512721336720e-01,9.999999994909797296e-01
8.135037481383424751e-01,7.518203272521986058e-01,7.334068751032974953e-01,6.997383135519066322e-01,1.432070317943196835e+00,9.999999996805952751e-01
1.000300596657202723e+00,9.760158310619581057e-01,1.045781380883734846e+00,1.625370013958114512e+01,1.094391685372487544e+00,9.999999992673080929e-01
7.933799022122863809e-01,7.048830489471528127e-01,6.859771822858594659e-01,6.337582747151411233e-01,1.212016995719846335e+00,9.999999996372909150e-01
9.616344334167885588e-01,9.343479416917045421e-01,9.276734057370388253e-01,9.138208818985938953e-01,9.669997724264385308e-01,9.999999992789291303e-01
8.489474870531426021e-01,7.621280294162771085e-01,7.485765214415064372e-01,7.221874947456025096e-01,8.780512984892022699e-01,9.999999992578185726e-01
7.970342456116570329e-01,6.833234394343878915e-01,6.634284553230916925e-01,6.221159584794933028e-01,8.677371856269717743e-01,9.999999994490365030e-01
8.845761710908482955e-01,8.471669467650456697e-01,8.214367131395801103e-01,7.729846944209425308e-01,3.398388361911414535e+01,9.999999985064684793e-01
1.033959996604090659e+00,1.055234235607319437e+00,1.060116215151245322e+00,1.068271054408392429e+00,1.026800185529395115e+00,1.000000000056425975e+00
1.072651699591462116e+00,1.097137351089925605e+00,1.102224400879737276e+00,1.118030639633798673e+00,1.056770945836487785e+00,1.000000000192688754e+00
9.512423057851324693e-01,9.736908255194628437e-01,7.754270626730150440e+00,9.222732371556465747e-01,9.901168479153159563e-01,9.999999993503251305e-01
8.930887156098987756e-01,7.982040531093140823e-01,7.799334109521020020e-01,7.451166998339550096e-01,1.050295513643504819e+00,9.999999997928720186e-01
1.070962962217775427e+00,1.095148555102122501e+00,1.099149718474017323e+00,1.110881007413630828e+00,3.525188411824409229e+01,1.000000000128505873e+00
1.025481368614667987e+00,1.058545513723847753e+00,1.063502918976240164e+00,1.078364399875348933e+00,1.016874325388128275e+00,9.999999997855468781e-01
8.889911278259552407e-01,7.992936368617893361e-01,7.882814416166250560e-01,7.694882427984173212e-01,1.135143644405677499e+01,9.999999986727782231e-01
1.080234380585841203e+00,1.106520272804901062e+00,1.112896409011187693e+00,1.125088106990640435e+00,1.057205354521387752e+00,1.000000000027394975e+00
9.030974755939891185e-01,8.221342461354659292e-01,8.134534712589088779e-01,7.890535040614522488e-01,9.249757897999150158e-01,9.999999975300356558e-01
1.076490379433628020e+00,1.099496544423821609e+00,1.103468793618659793e+00,1.116966340125932433e+00,1.063416219213368041e+00,1.000000000276765943e+00
1.041619205648973034e+00,1.050575409050181541e+00,1.051805101848251489e+00,1.056519265465942103e+00,1.019673944813809019e+00,9.999999999279074459e-01
8.132059938307915070e-01,6.850524682283001265e-01,6.727753867730874582e-01,6.240197750931483212e-01,8.685139801002188520e-01,9.999999993635341200e-01
9.014537180281297912e-01,8.441186405792058256e-01,8.314347141119137197e-01,7.987285758512502332e-01,1.199267051749471902e+00,9.999999988183654320e-01
9.098223398035865106e-01,8.792421559547802801e-01,8.713478229986538759e-01,8.571225604204554260e-01,1.071651289195127976e+00,9.999999985302829852e-01
7.189826765889040239e-01,6.394811171605450095e-01,6.274398704232715396e-01,6.026373202492175674e-01,8.103176053863927475e-01,9.999999993246023733e-01
1.076589410338031350e+00,1.110599071828118900e+00,1.113613757741128252e+00,1.122342815268180916e+00,1.036573371437057522e+00,1.000000000012725598e+00
1.065515520434543895e+00,1.093469320489700580e+00,1.098527590129277032e+00,1.110403279831665868e+00,1.048732889992342932e+00,1.000000000014085400e+00
1.031135234497183584e+00,1.049641247232398156e+00,1.054423767856315308e+00,1.064269853568480695e+00,1.012287011824492655e+00,1.000000000131800570e+00
1.031074505132195229e+00,1.044232260304593707e+00,1.054886356973067318e+00,1.061985521772924157e+00,1.017193889125110218e+00,9.999999998499697895e-01
1.056347799879793214e+00,1.101895462549174587e+00,1.105862182630873880e+00,1.123535519429440965e+00,2.192873800309790866e+01,1.000000000049893645e+00
1.000424253968362320e+00,1.015311917996677638e+00,1.016480313221202580e+00,1.021052566190431943e+00,9.928271934571626378e-01,9.999999999391075978e-01
1.069630792042890244e+00,1.092558555410171106e+00,1.098465945736915472e+00,1.113200424532534871e+00,1.045560434917253811e+00,1.000000000065178973e+00
9.822306708454096036e-01,9.985829284450801202e-01,1.005561109192320890e+00,1.004842184811917116e+00,1.264515751044480441e+00,9.999999985638903244e-01
7.950967870680710758e-01,6.705512273571549997e-01,6.513939765579062069e-01,6.124578811894233477e-01,8.532697360451202417e-01,9.999999995004239528e-01
9.848385723834282013e-01,1.504236113070709813e+01,7.115256061326745396e+01,9.707050408797815999e-01,1.158780773290536859e+00,9.999999994329672459e-01
1.059823994156661398e+00,1.080272022062038317e+00,1.086738696831266893e+00,1.101161145952694431e+00,1.045802104847731284e+00,1.000000000096014086e+00
8.881434526677449703e-01,8.491850651722485654e-01,8.310789735008845547e-01,8.029063781748999595e-01,9.254768184085339078e-01,9.999999983485620136e-01
9.842836329579591759e-01,9.915939212797522107e-01,9.931159374140752227e-01,9.953335550049329239e-01,3.090346866669711812e+00,9.999999992552904837e-01
1.035928291058490824e+00,1.059795908170697576e+00,1.065620623104923892e+00,1.088179630910635742e+00,9.830713200392230400e-01,9.999999996417106018e-01
9.653524283186104560e-01,9.461636696824698989e-01,9.387621077270988934e-01,9.291266073135864278e-01,9.694039686333627559e-01,9.999999985343021036e-01
1.069287535729385619e+00,1.097561379323795938e+00,1.102273524791869797e+00,1.118147623407539148e+00,5.250004106783345392e+00,9.999999996300293903e-01
1.060362385074526514e+00,1.087971307058859249e+00,1.095909324164648257e+00,1.116725444668585920e+00,1.037346152918104059e+00,1.000000000232789565e+00
8.268693758250487136e-01,7.251486048218998004e-01,7.006553694929322784e-01,6.294256091938001951e-01,8.778330481717049327e-01,9.999999996808084379e-01
8.530909850680810091e-01,7.466587002020018682e-01,7.269070989799424343e-01,6.861193971490170407e-01,8.881295909992200643e-01,9.999999992241883628e-01
1.050317016719445107e+00,1.100690533975271723e+00,1.108809892303419309e+00,1.121539769551568311e+00,1.043361991435916680e+00,1.000000000337341488e+00
1.057627535551090459e+00,1.075858940596872371e+00,1.083731858664283898e+00,1.088614873879091949e+00,1.040479759153999595e+00,9.999999995001279673e-01
8.368410097611811427e-01,7.446655802481308983e-01,7.159620479949730942e-01,6.545144568838076049e-01,9.088028813041789666e-01,9.999999993209895965e-01
1.049974029254929109e+00,1.094134518817912349e+00,1.103704149848878435e+00,1.119006384549264377e+00,1.036102183980033509e+00,1.000000000103229647e+00
1.057155599615525299e+00,1.098090447255774427e+00,1.094701348671037522e+00,1.111987379608200488e+00,1.473537231354040244e+00,9.999999997416766373e-01
1.058332960798833211e+00,1.096312589567786766e+00,1.106641524419724298e+00,1.124498694174338675e+00,1.031645862370658362e+00,1.000000000059286576e+00
9.538341129222549508e-01,9.432931338623279371e-01,9.420643036659042124e-01,9.423793371329165502e-01,9.844921943924969110e-01,9.999999997274384711e-01
8.272720138602521756e-01,6.959731182198889421e-01,6.663987269230686739e-01,6.252135876090828548e-01,8.716224160272398880e-01,9.999999993478559945e-01
9.143221926165530089e-01,8.478345191440156414e-01,8.369281158679373611e-01,8.160712292280730695e-01,9.422921527314230827e-01,9.999999976811189129e-01
8.856179849975640561e-01,7.807442959840430463e-01,7.606795430395646429e-01,7.206798076989920920e-01,1.226742469062613194e+00,9.999999997197888124e-01
9.742069536577723232e-01,9.697636264456932498e-01,9.730426063606534282e-01,9.734050900204195278e-01,1.128218007036901227e+00,9.999999990454151444e-01
7.590572442159579936e-01,6.541026014578675829e-01,6.370008509154779786e-01,5.679646457749923938e-01,8.259455553609886813e-01,9.999999996179490536e-01
8.039394165706277295e-01,6.982195590285542597e-01,6.639173666907767224e-01,6.200030183355703661e-01,9.959656210771742346e-01,9.999999997296614707e-01
1.064647306920285086e+00,1.100651181455202687e+00,1.107090455966956100e+00,1.122019043728060161e+00,1.034492205094944550e+00,1.000000000100877084e+00
9.192717862820021235e-01,8.936199960471691295e-01,8.901380748301159773e-01,8.794696960134147368e-01,9.451236416698811649e-01,9.999999991454059378e-01
1.038668338857906104e+00,1.072453813304916626e+00,1.075132799660796445e+00,1.083808084681846307e+00,1.605864871462451271e+00,9.999999997239786831e-01
9.435541250957427684e-01,9.389934422961453420e-01,9.331223869193501219e-01,9.334496314428163410e-01,1.208159877157205075e+00,9.999999996812855008e-01
1.066173518440927559e+00,1.087967594879723165e+00,1.094814990613974359e+00,1.105796635140087858e+00,6.754888060363917646e+01,1.000000000034574565e+00
9.662851744522947817e-01,9.624883347563407687e-01,9.647145431856183340e-01,9.694195723259090292e-01,9.875902190498521138e-01,9.999999988764191050e-01
7.581166569823959422e-01,6.677828906012177601e-01,6.429571721450771937e-01,5.690027111192466069e-01,8.502685949513062447e-01,9.999999995799521146e-01
8.078620895778454436e-01,7.207918211365288430e-01,6.885983090736829126e-01,6.328961963199900564e-01,8.883217306434715299e-01,9.999999994541259873e-01
1.058556576961384499e+00,1.078280782709443830e+00,1.083008713263905909e+00,1.099828937572833842e+00,1.029764040913707213e+00,9.999999999311035559e-01
8.800721821045526250e-01,8.409701211626583461e-01,8.172153938539410412e-01,7.917957236454924441e-01,3.509483676877809710e+00,9.999999994966209949e-01
1.060532491919571330e+00,1.091480477300599050e+00,1.096999974440231895e+00,1.113001060426057842e+00,1.043243611336903909e+00,1.000000000034440450e+00
1.066490902669560370e+00,1.100038407020584863e+00,1.104923516020614338e+00,1.116384748908378910e+00,1.054842210989354712e+00,1.000000000032591263e+00
8.812502996885274165e-01,8.098397780854695860e-01,7.960781702707436791e-01,7.735118127081828110e-01,9.319415218281688063e-01,9.999999988583293531e-01
9.138237073555653955e-01,8.519896438882784695e-01,8.400996195616798889e-01,8.149235096198409467e-01,2.899874661160179556e+01,9.999999990218222390e-01
1.013528791402719786e+00,1.024993299766809418e+00,1.026590355928860054e+00,1.025969429982821701e+00,9.797686599247510397e-01,9.999999987276574354e-01
9.041776612929064427e-01,8.612270196751591333e-01,8.522895261796911148e-01,8.341999229439130970e-01,9.377562820011349221e-01,9.999999980430405166e-01
1.058768479080247404e+00,1.092257303615609132e+00,1.096049424287846685e+00,1.105116722156521902e+00,1.025386768472695609e+00,1.000000000023461233e+00
9.631398937893725920e-01,9.400155903721059136e-01,9.327749723091450784e-01,9.228812523312345251e-01,3.157468709028858811e+01,9.999999986798014939e-01
8.880021394332889839e-01,8.053574983003467525e-01,7.914891363578380190e-01,7.620966786840214224e-01,9.079731321020779733e-01,9.999999989136169054e-01
7.949296685995834721e-01,6.673963220797556328e-01,6.370024571184539353e-01,5.761165323880473865e-01,8.789136477214096743e-01,9.999999996611173003e-01
8.517091563960067502e-01,8.176304713104614041e-01,8.083321071600423346e-01,7.818058104191696334e-01,1.140258946125756401e+00,9.999999984889552662e-01
7.645501727001511316e-01,6.499879050830343896e-01,6.269270144932712618e-01,5.794387185000761109e-01,8.619591999369580204e-01,9.999999997430054632e-01
1.015969131260227698e+00,1.046402484940370803e+00,1.051776302703146815e+00,1.052249836066693867e+00,8.399141084955386027e-01,9.999999997644934968e-01
7.668086282478421278e-01,6.969860157383487298e-01,6.824882813862702680e-01,6.458337594928130754e-01,8.315857612557422396e-01,9.999999988402347162e-01
1.021703190607291978e+00,1.027136540138127607e+00,1.029017691061681061e+00,1.037469111844697700e+00,1.009402757601099765e+00,9.999999998819580904e-01
1.060549721502433318e+00,1.096590900359958987e+00,1.099408503842710827e+00,1.106294573603417541e+00,1.042917846205829724e+00,1.000000000319818838e+00
1.068923017249406859e+00,1.097934384183635537e+00,1.103172865501888644e+00,1.118681470745161999e+00,1.049190031935524514e+00,1.000000000092595709e+00
8.603542709405214151e-01,7.972095961547721599e-01,7.789201295502750089e-01,7.521295272674165533e-01,9.192428663322804727e-01,9.999999991194071791e-01
8.004389352111936917e-01,6.815051789040257324e-01,6.549156083451840304e-01,6.122851156644690818e-01,8.609797015531176489e-01,9.999999995261377173e-01
8.759028887019878473e-01,7.263901822611904535e-01,7.065825120662522218e-01,6.697953960458020717e-01,9.073674092772746613e-01,9.999999995267720987e-01
1.026277868073076638e+00,1.061667808801513679e+00,1.067725599659920865e+00,1.065789008021650330e+00,8.714910293566229260e-01,9.999999998315477479e-01
1.064731870655900359e+00,1.101276381678801819e+00,1.109310456641942721e+00,1.123538993870317970e+00,1.046258067539853398e+00,1.000000000022374325e+00
9.488179598649003621e-01,9.277926714522062301e-01,9.209646499083179449e-01,9.069781427373031502e-01,6.903435001929779880e+00,9.999999993735521064e-01
9.738855127126121447e-01,9.567323362330730774e-01,9.501245845547030555e-01,9.387057342963035511e-01,9.715731898693491519e-01,9.999999981508166380e-01
1.069705241525227724e+00,1.101873279917726434e+00,1.107313820040735752e+00,1.120223444783436495e+00,1.037606712424333777e+00,1.000000000048280491e+00
1.059509706206578583e+00,1.112502530482480934e+00,1.116262392111992074e+00,1.124615112014780705e+00,8.686345305744909240e+01,1.000000000014224177e+00
9.430408086159425274e-01,9.219525476674091946e-01,9.215047626379929691e-01,5.706103127664100612e+02,1.733594494276268216e+00,9.999999993399307785e-01
1.072411770469769543e+00,1.099528347935484929e+00,1.106162409241854272e+00,1.121074496548764232e+00,1.057460888782240760e+00,1.000000000188270732e+00
1.077505372588579702e+00,1.107603766426465963e+00,1.110526532568508751e+00,1.123522556914772874e+00,1.052405169833135146e+00,1.000000000007547962e+00
8.194648120333292152e-01,7.070277665850863702e-01,6.743071952685473214e-01,6.202680116419291290e-01,9.124528937072907686e-01,9.999999985876066866e-01
1.029098427603325261e+00,1.060144032890670829e+00,1.068446312009648791e+00,1.084101233177611867e+00,1.191983046965022774e+00,9.999999989585444116e-01
7.645994972973054749e-01,6.324276534673076711e-01,6.165520395075729798e-01,5.835991372109814446e-01,8.343832983316502583e-01,9.999999996528882162e-01
9.742818029848918648e-01,9.779119266469628036e-01,5.587552930383647087e+00,1.963811830049096316e+05,1.160641644506249071e+00,9.999999993927219943e-01
1.063268732143999307e+00,1.102220030885722624e+00,1.108100662119409607e+00,1.123271827626387331e+00,1.048066294886367933e+00,1.000000000044604320e+00
1.003340841709206899e+00,1.006333601900025743e+00,1.004359269943700506e+00,1.004660372570479021e+00,1.002258478415903653e+00,9.999999995105022244e-01
9.719589393453388348e-01,9.597791185834589900e-01,9.571097721807937386e-01,9.486460230708406716e-01,3.969746447129043343e+00,9.999999994160919670e-01
1.039331484034324404e+00,1.061652922081110173e+00,1.075427034706758711e+00,1.088802082872467603e+00,1.024810339451545760e+00,1.000000000244026133e+00
1.041121896028939453e+00,1.060015245621671598e+00,1.062805270855343487e+00,1.075089472770658139e+00,1.026244633817294361e+00,1.000000000559664981e+00
8.718888614088388112e-01,8.356568595954790846e-01,8.259963749011098866e-01,8.207743054859201193e-01,1.005523526187038774e+00,9.999999994722006402e-01
1.067037005993425325e+00,1.087180163026248536e+00,1.090774349379598052e+00,3.087110855607142366e+04,1.461290964416950056e+00,9.999999998776721855e-01
8.387560440448866839e-01,7.538884281023014999e-01,7.270786558491790785e-01,6.549763080400641257e-01,9.149804170695080563e-01,9.999999982096091644e-01
9.281048080772681397e-01,9.115234145859262282e-01,9.020535593054097578e-01,8.816343533832833312e-01,9.534171949573110316e-01,9.999999981453790987e-01
8.633827152029178720e-01,7.895365828528250196e-01,7.691931528290620879e-01,7.295610973094607266e-01,8.856173162025661183e-01,9.999999986157964704e-01
8.093364543196629457e-01,7.182055963173850088e-01,7.005686622145586018e-01,6.532445709555458890e-01,8.685421779857511737e-01,9.999999995771033934e-01
1.048837195089326046e+00,1.086077896642626550e+00,1.095642115062507527e+00,1.116522906453255581e+00,1.036850002975981511e+00,1.000000000100146558e+00
1.058240824063550356e+00,1.097713561577500663e+00,1.103611640777957925e+00,1.119283562819918698e+00,1.039497198561611713e+00,1.000000000018536950e+00
1.065711876663966828e+00,1.090764798103228461e+00,1.094590664476169595e+00,1.105170147523023561e+00,1.045459765559164422e+00,1.000000000071887385e+00
8.617155107475645837e-01,7.989912362723106121e-01,7.749739195449819595e-01,7.468151329933051530e-01,8.948661122998572415e-01,9.999999990241885683e-01
1.056919848870142342e+00,1.097237624459027394e+00,1.103674319921113423e+00,1.119911182833044361e+00,1.045932959994784417e+00,1.000000000118522525e+00
1.032826516736373046e+00,1.052072299333238758e+00,1.054452786071326198e+00,1.060967497754601085e+00,1.021983761611929165e+00,1.000000000064202199e+00
1.079012996157461712e+00,1.105781256405810709e+00,1.110652595335433812e+00,1.122543153226588819e+00,1.054244467130618590e+00,1.000000000030010883e+00
1.054605228893342739e+00,1.096885043831198114e+00,1.109350126526884806e+00,1.124549063770168500e+00,1.046565914063245284e+00,1.000000000125090382e+00
1.004892695171211603e+00,1.001546730462972379e+00,1.001718404369944082e+00,1.003722026892998498e+00,1.282173444285958919e+00,9.999999987863400497e-01
1.057419814335720964e+00,1.079205212811911396e+00,1.083678329544156771e+00,1.098947110174197439e+00,1.032227342213599686e+00,1.000000000062564176e+00
1.000124662100526640e+00,9.993681224639425764e-01,9.999096049680363807e-01,1.000583288310238572e+00,9.985014703374485157e-01,9.999999983374840973e-01
8.210727026559286879e-01,7.239928520411758051e-01,7.094844024748908629e-01,6.859286878093910911e-01,9.035179741065254566e-01,9.999999991930715870e-01
9.426647531792081702e-01,9.047746471181524752e-01,8.917708586411243754e-01,8.410495432895967127e+00,9.986042049585925895e-01,9.999999990010113304e-01
9.142693523463861771e-01,9.041281141521425591e-01,9.026467489527173482e-01,2.843171430753520781e+03,9.786432314209437822e-01,9.999999987697733017e-01
1.048642085006044278e+00,1.069787952035929024e+00,1.071219249978221155e+00,1.075059240813887040e+00,1.036920256403636609e+00,1.000000000102948539e+00
1.019218644605376589e+00,1.034749684830873706e+00,1.035087414236177228e+00,1.041138929169480809e+00,1.024462296102715886e+00,9.999999994729396047e-01
1.056310006753554909e+00,1.092042775526487652e+00,1.096366994628108493e+00,1.106511261578755123e+00,1.034900918622930766e+00,1.000000000032657210e+00
7.752967569410141868e-01,6.907673621001478859e-01,6.783056298063653289e-01,6.431078198239759125e-01,8.904030351718217329e-01,9.999999995629992311e-01
1.079538975677038826e+00,1.111071796029721170e+00,1.115893903112791241e+00,1.128248581965896502e+00,1.729207465804697108e+02,1.000000000031648684e+00
9.627228061143027205e-01,9.540404898266727773e-01,9.538328725414457754e-01,9.568168000908404691e-01,9.643315291456013849e-01,9.999999979893633428e-01
1.012170349063763242e+00,1.007387957397276157e+00,1.005458395701846586e+00,6.301489120142074535e+04,1.010067406994305639e+00,9.999999995869011116e-01
9.687193927161965590e-01,9.514342269285628317e-01,9.502222804547610924e-01,9.444222885767106224e-01,1.058263813444859025e+01,9.999999999790141203e-01
1.041673440401535977e+00,1.076016184806892317e+00,1.083585999386050158e+00,1.100568522144596439e+00,1.026113229161432105e+00,9.999999998405098012e-01
1.058598795158887995e+00,1.079128655624610023e+00,1.082098341158454824e+00,1.094370717639786994e+00,1.036658985588527315e+00,1.000000000003964828e+00
8.274985166151970217e-01,7.427939723911616277e-01,7.222746471641514621e-01,6.729440095967101909e-01,7.784552672599877710e+00,9.999999994107610091e-01
8.366994675145297267e-01,7.612626662133872291e-01,7.364879790337416354e-01,7.048178980967469975e-01,9.840059457222146699e-01,9.999999992801245075e-01
7.805570360628228954e-01,6.277124741721243906e-01,6.074095475937996147e-01,5.580477957384578636e-01,6.407968420478114524e+01,9.999999997321787903e-01
8.500324150898503905e-01,7.365338614017001850e-01,7.080431980315238238e-01,6.642186808270290621e-01,8.910907361246417357e-01,9.999999989177859039e-01
1.016840410649312743e+00,1.035639509799401115e+00,1.039371936792812923e+00,1.045245739783511318e+00,1.012025119398153095e+00,9.999999999365525305e-01
1.037042136047829910e+00,1.049248477134279156e+00,1.050943889119737129e+00,1.054982752777653410e+00,1.025030398608656634e+00,9.999999998688162695e-01
7.338548258068465779e-01,6.133046270341921957e-01,5.922250378913904711e-01,5.264909898191650894e-01,8.408233068287906953e-01,9.999999996624245879e-01
1.044255370395508198e+00,1.067606131796196456e+00,1.073602827211839195e+00,1.099664276979660293e+00,1.302083922054737553e+00,9.999999996114727896e-01
8.116673292966154474e-01,7.119428900809600114e-01,6.973782901074795371e-01,6.570478047598883320e-01,8.479587839354745249e-01,9.999999990857150189e-01
8.853441653430685898e-01,8.248456327379327657e-01,8.154094138755865195e-01,7.530161328835845052e+04,1.530127538559023170e+00,9.999999992135878424e-01
1.028361730330869639e+00,1.032973851343016225e+00,1.036126070904291874e+00,1.043487681777602871e+00,2.554695891536693608e+01,9.999999995858295243e-01
1.004319549311061044e+00,1.001853472655136690e+00,3.478295504568674534e+00,2.836684665137025441e+00,9.654852851575884687e-01,9.999999993975965396e-01
8.838009105453367154e-01,8.339962140756363995e-01,8.094389619272880365e-01,1.283515245761515835e+05,1.361630017130776471e+00,9.999999991311342429e-01
9.922993651401036397e-01,9.740410973732569477e-01,9.689293707124543298e-01,9.632642549859669057e-01,6.236628052482114981e+01,1.000000000003264278e+00
8.553410883359013894e-01,7.229539891348396585e-01,7.024459324203569111e-01,6.734792391113412213e-01,9.098430415423985895e-01,9.999999992923648273e-01
1.072071262104210776e+00,1.105532601944167359e+00,1.110911490197185936e+00,1.127404084747029911e+00,1.054119296862518151e+00,1.000000000080139229e+00
1.066318166602676643e+00,1.096341190078610195e+00,1.102569109664804259e+00,1.116124932166383088e+00,1.041217486101476464e+00,1.000000000106954889e+00
9.331326306261019665e-01,1.374419906787994750e+00,9.291627653383309760e-01,2.303220749363300968e+02,9.389254079493114524e-01,9.999999987164340798e-01
9.129605072593340864e-01,8.647234291808794104e-01,8.564321272334355362e-01,8.353906670127031475e-01,9.488205907770396186e-01,9.999999982032682366e-01
8.173145191912765117e-01,6.678363887219591621e-01,6.442184882992132433e-01,6.004830790590225398e-01,8.829993896926755514e-01,9.999999985414548265e-01
1.065201514472359223e+00,1.090828661874958305e+00,1.101675783009400167e+00,1.119590243635340654e+00,1.036369924062857883e+00,1.000000000101122222e+00
8.733384616988202342e-01,7.924322506024643609e-01,7.748144771207069459e-01,7.558880861996600808e-01,9.178195628860897903e-01,9.999999988577155108e-01
1.018955164673607028e+00,1.028919195206918991e+00,1.029015998718733504e+00,1.031487220621760015e+00,1.015190251360349682e+00,1.000000000224329222e+00
8.139773825551701592e-01,6.749047201059319434e-01,6.566028562432399962e-01,6.115100740068495355e-01,8.886220705545111453e-01,9.999999985625915855e-01
9.704064559749492336e-01,9.704886768641396433e-01,9.699304239658398386e-01,9.673272220477181493e-01,1.261159209498226685e+00,9.999999989523575827e-01
9.790569725916964394e-01,9.792460195465985118e-01,9.779209979786824825e-01,9.743688603707711948e-01,9.869818682864690551e-01,9.999999986831876742e-01
1.053154287799003219e+00,1.097192357442320132e+00,1.106314349886460047e+00,1.125208468769340664e+00,1.034223361625038473e+00,9.999999999730941891e-01
9.344469709284202175e-01,8.880863591795311596e-01,1.491774223486515361e+01,1.037894681590316948e+00,9.639037923157097731e-01,9.999999993619730354e-01
8.051756804007828006e-01,7.027609309388604952e-01,6.789565097835373875e-01,6.390794574533378292e-01,8.728634909131692821e-01,9.999999991811064914e-01
1.049248323163869623e+00,1.071075781079899425e+00,1.078803964667667259e+00,1.094632954084603815e+00,1.039605318269323231e+00,1.000000000108599130e+00
7.382826864372600273e-01,6.198662934296175209e-01,6.080217721829505040e-01,5.731937454948683452e-01,8.317112585669115266e-01,9.999999995483036530e-01
8.869469232433212502e-01,8.420038925322554935e-01,8.333490360853067491e-01,8.165699619586510583e-01,1.025448142558067985e+02,9.999999988118724037e-01
7.779999157032705392e-01,6.550674494501508294e-01,6.318936762287798992e-01,5.872571299075098894e-01,8.414111562620140150e-01,9.999999995015957932e-01
1.074253459498023533e+00,1.098026160925319461e+00,1.104619345815619269e+00,1.115403794178823071e+00,1.055805195763890758e+00,1.000000000037060799e+00
8.587223108644841396e-01,8.060053842563342785e-01,7.852830728239530433e-01,7.324578574952990140e-01,8.989261434804617368e-01,9.999999971584884184e-01
1.052837203484094486e+00,1.072990248626048304e+00,1.075910644134179250e+00,1.066675588617955528e+00,1.297505669410862428e+00,9.999999989020853519e-01
9.805187870696903119e-01,9.576098357437761166e-01,9.563451693614204441e-01,9.557882087637347146e-01,1.042470362013640406e+00,9.999999991983383740e-01
7.900234621158103154e-01,6.999554661340872119e-01,6.600988212312000059e-01,6.112676084559036660e-01,3.120251094889853150e+01,9.999999994750432553e-01
9.987212484372416377e-01,9.999224589630262283e-01,1.002160236329126652e+00,1.010492856344213708e+00,1.668217512055101936e+00,9.999999985436942573e-01
9.017182904520060216e-01,8.583715339120566723e-01,8.545805380755397973e-01,8.418346706613597519e-01,9.437814052025663702e-01,9.999999991420558398e-01
8.357734610812337372e-01,7.819750406670240572e-01,7.679426570778432604e-01,7.367602807519013641e-01,8.976457537282112042e-01,9.999999988068529744e-01
9.458618224662517227e-01,9.098353191810689689e-01,9.044202439820603345e-01,8.938404661532706186e-01,4.303278629684609768e+01,9.999999992132905247e-01
8.670367830224787742e-01,7.960132921881778456e-01,7.797796309655429248e-01,7.329919874831971605e-01,1.023715139618019743e+00,9.999999995785264773e-01
1.074180848097404661e+00,1.100518385032110524e+00,1.104853815829917929e+00,1.116675599172400668e+00,1.053145557376449659e+00,1.000000000015129453e+00
1.034564995713053603e+00,1.070039054259731559e+00,1.074669065554573422e+00,1.068401765347573695e+00,8.951227887816158857e-01,9.999999996326883744e-01
8.319693794205927917e-01,7.339034141866352945e-01,7.199848858999977619e-01,6.687124319929711458e-01,8.684011267897782105e-01,9.999999991939657606e-01
8.965390155402286343e-01,8.270144960125112021e-01,8.076433687748207912e-01,7.747223720161934279e-01,9.184449181883391766e-01,9.999999987894029330e-01
8.973226211126535956e-01,8.388156320364826835e-01,8.313918979324002034e-01,8.059106347862590169e-01,9.351014698852576634e-01,9.999999989030449177e-01
1.068575677802729773e+00,1.095961252036342204e+00,1.102012569297137423e+00,1.115393121905558171e+00,1.041286146606694718e+00,1.000000000051989080e+00
1.068678965780015755e+00,1.090280843450765369e+00,1.095773414052854555e+00,1.113394108115715486e+00,5.374358144639979074e+00,9.999999995231210193e-01
1.063837706918654646e+00,1.102357679530571399e+00,1.108232813445395148e+00,1.124712957367427935e+00,4.744471007834943066e+01,1.000000000055114580e+00
8.715844252462415787e-01,7.902078288252134541e-01,7.801043993442007274e-01,7.489162219438945112e-01,1.017619642779831635e+00,9.999999992223818079e-01
1.038281380297891410e+00,1.057961295120263490e+00,1.059048750181227572e+00,1.061683663270033717e+00,1.018384315303753063e+00,1.000000000256142885e+00
8.557593723896441684e-01,7.931073202201823769e-01,7.795304470692707710e-01,7.406429997643084739e-01,9.369579466301132253e-01,9.999999994106341106e-01
1.068696084287172221e+00,1.083611886246968137e+00,1.084775831683569836e+00,1.090868909313116308e+00,1.054592447998852212e+00,1.000000000239315456e+00
9.948310720323287892e-01,9.871447079768977950e-01,9.804288142052038912e-01,9.648940398902757787e-01,1.406263462682519894e+00,9.999999994814030568e-01
9.113951026431327263e-01,8.669401262553002585e-01,8.492330881332176284e-01,8.273068676688341005e-01,9.352782580210983188e-01,9.999999985898104793e-01
8.016707157788254268e-01,6.743553635619947695e-01,6.465386229001738316e-01,5.838217487328140054e-01,8.346326089877522669e-01,9.999999996485243736e-01
9.603908340264869503e-01,9.249682312402505158e-01,1.308084605809626133e+01,9.063230350641943156e-01,1.010428142802277662e+00,9.999999989920482779e-01
9.202220572328675408e-01,8.811951653323107925e-01,8.701261148437713366e-01,8.522170375048538915e-01,9.528862578354660995e-01,9.999999989088111940e-01
1.017605997341761270e+00,1.025456245618828310e+00,1.028557159000800025e+00,1.037190550435524106e+00,1.006551483404850567e+00,9.999999998208076724e-01
1.074935157904499894e+00,1.103186673512065452e+00,1.110754646158185421e+00,1.120921757696750509e+00,3.289178194775622011e+00,9.999999988187637801e-01
1.045041568881768690e+00,1.077227469830102313e+00,1.084473388562948504e+00,1.098174952081177658e+00,1.013134519332537176e+00,9.999999997722358591e-01
9.093625407815403294e-01,8.419178684440229432e-01,8.278999779671718517e-01,7.954389983432174072e-01,1.232959744540118407e+01,9.999999992204301469e-01
8.613123366318534702e-01,7.882596382459855500e-01,7.664983956436864920e-01,7.282367305191843609e-01,3.272016863790574881e+00,9.999999996237908251e-01
1.073850167022837976e+00,1.099090882355874932e+00,1.104219291438034212e+00,1.116769729013620038e+00,1.053215606261523885e+00,1.000000000030698111e+00
1.063184850625663813e+00,1.095691916301904545e+00,1.103741604043339208e+00,1.121849475961443021e+00,1.043408429678034821e+00,1.000000000084278584e+00
7.801384164691979040e-01,6.723236845170064147e-01,6.485146012894652534e-01,5.957006381642052650e-01,8.359357682247253729e-01,9.999999993464928627e-01
1.043484307789818599e+00,1.065754742183467441e+00,1.069151387922744112e+00,1.082549852719009831e+00,1.036225136020205939e+00,1.000000000356026097e+00
8.827579484708416580e-01,8.470330431162299556e-01,8.433096352677004193e-01,8.292380828506270563e-01,1.789125948159183688e+00,9.999999982368669160e-01
1.027733467116002553e+00,1.048451174958102916e+00,1.050534560162388331e+00,1.057011508862626625e+00,1.022002242510406500e+00,9.999999998483630748e-01
9.079070133128873676e-01,8.277318407276886836e-01,7.977761939299261584e-01,7.573689769504092784e-01,1.013588326959447450e+01,9.999999993537166398e-01
8.426282966710042510e-01,7.714186440749167817e-01,7.480032483256320308e-01,7.189238337057580752e-01,8.791868619399526574e-01,9.999999990300786346e-01
1.077113851756788421e+00,1.101770463435148617e+00,1.110421042548113801e+00,1.124082272634608026e+00,1.839918744032061326e+01,9.999999998851679672e-01
8.161744493676645895e-01,7.102265784335265453e-01,6.810779845946526301e-01,6.079489382358823635e-01,8.982238887647430170e-01,9.999999996754076470e-01
8.204980858012289602e-01,7.160765915217730537e-01,6.968637250695128849e-01,6.381023820033733251e-01,8.782041687619543957e-01,9.999999977611292445e-01
7.563842431001540634e-01,6.516550801867477816e-01,6.106445252095885623e-01,5.426629084283530746e-01,8.444401976647052388e-01,9.999999996717126027e-01
1.019113337038557887e+00,1.018800975661544150e+00,1.018861001540952715e+00,1.021430792598530868e+00,1.019916855991340077e+00,1.000000000623392893e+00
9.286303238676427707e-01,9.145511090591713632e-01,9.149435904949987375e-01,9.118516849190394513e-01,9.922566885309207496e-01,9.999999992401450433e-01
9.016301323161146630e-01,8.339569779438180674e-01,8.208623618164220259e-01,7.957500269287208772e-01,9.678010628325294240e-01,9.999999986062950708e-01
9.569183151908645657e-01,9.465785391299261775e-01,9.465663658367746702e-01,9.358271390205865625e-01,9.655928989657411865e-01,9.999999985501729638e-01
8.012192536106269580e-01,6.855683703453514521e-01,6.650209361596026714e-01,6.103718382657075114e-01,1.183520520737857629e+00,9.999999997707886834e-01
7.902613217225659126e-01,5.991773241771612968e-01,5.715357412236978796e-01,5.195443387054484718e-01,8.197601409632035985e-01,9.999999995292039312e-01
8.461277576325710870e-01,7.681416457635896755e-01,7.423944022733232062e-01,6.875239759134178508e-01,9.174938214625798505e-01,9.999999992959973660e-01
1.061548814681875008e+00,1.102783057344263407e+00,1.110666334434719404e+00,1.121943240944820674e+00,1.036029712195646768e+00,1.000000000256755950e+00
8.794800305381305083e-01,7.676928139218455183e-01,7.587711643156834773e-01,7.077594881246241920e-01,9.083224243705336765e-01,9.999999970552150286e-01
1.029355293032675034e+00,1.043732752038414091e+00,1.045259371521343184e+00,1.047701435399999381e+00,3.716944239414973339e+01,1.000000000386548571e+00
8.657428370235691339e-01,7.935071523573747898e-01,7.799911255846481151e-01,7.415441853491285817e-01,9.077302983089756694e-01,9.999999994456292285e-01
1.072852599435544452e+00,1.102949834624034731e+00,1.106794053670524525e+00,1.116842401658610484e+00,1.047758219443174044e+00,1.000000000238389752e+00
8.411907753750431649e-01,7.453663683736451162e-01,7.144790283041984047e-01,6.579677115266697740e-01,9.142792474036229855e-01,9.999999974852742390e-01
1.043891047999411681e+00,1.076684271747572863e+00,1.080639004652351298e+00,1.089342353743206315e+00,1.031936039925529514e+00,9.999999999034746567e-01
8.998171572321654876e-01,8.463549764586043578e-01,8.225848136687499146e-01,8.028486048704092104e-01,9.310471775013807738e-01,9.999999983308026641e-01
9.634755599504264412e-01,9.340320714739990260e-01,9.246703288900973705e-01,9.080390276136169891e-01,1.443473623622641178e+01,9.999999993277532973e-01
