1.730345752200032075e+04,1.272061791119103134e+07,1.487640107143085916e+06,6.799851367163840681e+06,6.568631948599319905e+06,7.949249224959007464e+06,1.398441316121860407e+07
1.394875482346872559e+04,1.558910495857574791e+07,4.906220482908733189e+06,5.126652639169123955e+06,1.065621321862364933e+07,5.911108702418878675e+06,9.904966319149905816e+06
4.126333550401241155e+03,2.437437397451208904e+07,3.107922104788840748e+06,5.648307741527490318e+06,1.228518028720502555e+07,2.393202801559136715e+06,3.541538660974160768e+06
2.359511386798916283e+04,1.466230894883332029e+07,5.833532543068820611e+06,5.620410542427915148e+06,9.567969472971726209e+06,1.330078617467466369e+07,1.939415134985450655e+07
7.946526045834776596e+03,5.669138777624941431e+06,1.929584605988410767e+06,1.127175930047255941e+07,5.698965600164206699e+06,3.818607961893496569e+06,8.059903432486568578e+06
2.412170242152201899e+04,2.985978331543494761e+07,5.889777662728896365e+06,7.127940061881843954e+06,4.983730754293969832e+06,9.738470486666887999e+06,5.121296582892909646e+07
1.337324958978139875e+04,9.999654246235286817e+06,3.321919704315160401e+06,5.582213899230619892e+06,9.817933261290976778e+06,1.680828422450460866e+07,4.546139277603732795e+07
1.138992051085007688e+03,1.106475791675234027e+07,4.648156889207882807e+06,4.394594324315903708e+06,9.389173159358950332e+06,1.068091343028816953e+07,4.482495554281663150e+07
1.142179044352126539e+03,1.301667773819978349e+07,6.555724218413342722e+06,3.481415952581448480e+06,6.797882211165626533e+06,1.317425563643528335e+07,3.004691490290573612e+07
3.016741548019682796e+03,5.411911758050224744e+06,4.051207538337553386e+06,7.108709491827530786e+06,1.118991746916110441e+07,1.192339336608833447e+07,6.665245661091449857e+07
5.766284787673853316e+03,6.084653067314581014e+06,4.078867347541844007e+06,9.020713322367703542e+06,5.645579492377216928e+06,5.844784699748620391e+06,1.566427047583591193e+07
1.787362004428931687e+04,5.947555427219147794e+06,8.631852301507037133e+06,5.188319709230615757e+06,1.146568728408647329e+07,4.633261559030278586e+06,2.687442468768913299e+07
1.847682290671879673e+04,1.033321370834623277e+07,2.872598418042463250e+06,7.612821076138453558e+06,6.336138903001961298e+06,6.092217414248774759e+06,6.459514530023876578e+07
3.724784380325933398e+03,5.396992068673214875e+06,1.946976868731991155e+06,7.467708366768867709e+06,1.108316000873219967e+07,1.512922130068940343e+06,1.789255024165594950e+07
8.279645816639900659e+03,3.203031690614003688e+06,1.516320288091941504e+06,1.904669086216895655e+07,5.642480933955651708e+06,4.287626957151677459e+06,2.692681876271113008e+07
8.327680020323334247e+03,1.219395896429356560e+07,2.547622758085841313e+06,1.189891704791675508e+07,7.464479743086249568e+06,7.276249705860147253e+06,3.549127751729073003e+06
1.015131023042137372e+03,9.094328064970979467e+06,7.377843370232829824e+06,8.592991639395231381e+06,7.618898258634229191e+06,8.811203461536196992e+06,7.549720956937495619e+06
8.119949525883518618e+03,3.071190507157602813e+06,6.425149912168502808e+06,5.972784428647409193e+06,8.277884159427497536e+06,4.527807195243240334e+06,4.438806487548318692e+06
1.699412763769170851e+03,1.032979388924580254e+07,2.929336523341346532e+06,1.124089593185721524e+07,6.331661988463413902e+06,4.699169440440124832e+06,6.845541735894709826e+06
1.575814809057229286e+04,1.493383948687156662e+07,5.911624288474433124e+06,3.580931440202014986e+06,4.266521732875003479e+06,8.719755887213788927e+06,4.217802424566923827e+07
2.164578373802156420e+03,9.588306620667211711e+06,2.285570475954768248e+06,6.389533512592707761e+06,1.137398983288997039e+07,3.023121038308918942e+06,3.175779218695833161e+07
3.620066525177651329e+03,3.297863588756248821e+06,1.936383965544537175e+06,5.741829165824181400e+06,9.964342452619712800e+06,2.803912795035572257e+06,2.666988993473204598e+07
7.415482720377110127e+03,9.781166396785281599e+06,9.107096873804233968e+06,3.864827688567998353e+06,4.797673800660993904e+06,9.984359761376423761e+06,1.490997134728404693e+07
2.226851423972496559e+04,8.744190569862663746e+06,4.763635301951159723e+06,1.269001089743757248e+07,8.864703104280123487e+06,2.869313103401621059e+07,6.364358454319362342e+07
8.134912753437042738e+03,1.101425177091504913e+06,5.524054865125966026e+05,2.362776696166392416e+07,8.005080035792669281e+06,4.432035552380856825e+05,8.428589511974280700e+06
1.966750825667573054e+03,4.559105338576870970e+06,2.814171484428418800e+06,9.799394754852119833e+06,7.041007767792209052e+06,4.884146464860067703e+06,1.912188930542700738e+07
1.003720278599893936e+04,7.304539842960242182e+06,4.728955554163134657e+06,6.663158213188814931e+06,8.694219110613375902e+06,6.547819259881341830e+06,1.420516710008905828e+07
1.240681789059911171e+04,3.719871122053874191e+06,6.129263943335368298e+06,1.324859878806344047e+07,8.676914402583267540e+06,8.659566563097430393e+06,1.016634413143210858e+07
1.159385629270904974e+04,1.095568917424142733e+07,2.865290155171432998e+06,6.472857597890553996e+06,4.786239558910300024e+06,7.754652916194439866e+06,2.598780803059269115e+07
8.539064973042732163e+02,7.741933375268525444e+06,4.873465860690261237e+06,7.348004918649186380e+06,5.886802923816983588e+06,4.465768117078634910e+06,3.813308206847215444e+07
1.200863578763212672e+03,4.259474230851922184e+06,3.501918539273017086e+06,7.375410851447062567e+06,1.023111184620781429e+07,6.065009016430266201e+06,3.460015595141451806e+07
9.249379231995271766e+03,7.681593874951649457e+06,4.516544792989199050e+06,1.064811284710372239e+07,9.019537408952357247e+06,8.614847394516866654e+06,5.433527566713780165e+07
1.750165603272156295e+04,3.876036233855014201e+06,1.498169543909036322e+06,9.348930655318088830e+06,4.408415073246320710e+06,2.714543889368976001e+06,1.218367040590541624e+07
6.360901488520325074e+03,3.555758744802084751e+06,6.735157041908685118e+06,1.914609017438847944e+07,7.386080959865074605e+06,4.228262115523681976e+06,6.716805167642310262e+06
1.277567288046075419e+03,3.760542788915389217e+06,2.320069544281543698e+06,1.803557573265706375e+07,5.939201413566119038e+06,7.846576295712375082e+06,4.752681162104837596e+06
2.580213198581564484e+03,4.174670682436783332e+06,1.697824637674105586e+06,5.449142382974022068e+06,6.690428500803619623e+06,2.698712145347245969e+06,6.659368170213719830e+06
9.511962901481731024e+03,5.626016113045033999e+06,2.242718021424879786e+06,7.292891293071772903e+06,7.191056220663377084e+06,4.177784302258593962e+06,1.081929826066243276e+07
7.835031342157589279e+03,1.593641107876727916e+07,2.538542872601493727e+06,8.920363792437549680e+06,6.020506514826138504e+06,5.197351271200998686e+06,4.156939251428356767e+07
1.992738883272721068e+04,1.506356353022878291e+06,1.825244766932250466e+06,1.138225629378396086e+07,8.527597991289375350e+06,6.928402433594755130e+05,3.941540120086384006e+06
1.573464749563447413e+03,6.246015283212202601e+06,1.925557404655120103e+06,7.928825486189693213e+06,5.248287721475305967e+06,9.943022343359906226e+06,1.837481147708632052e+07
4.820413559243593227e+03,3.407711600092135835e+06,2.504409199230629019e+06,1.881031039948860928e+07,6.932374837117499672e+06,4.005467906682354864e+06,5.039859293031033128e+06
1.324917711012588916e+04,4.401215881073532626e+06,2.756877564166405238e+06,6.065432507966577075e+06,5.453547246061281301e+06,1.003931320834443159e+07,5.106760245368023217e+07
9.775976935312883143e+02,1.319075704503549635e+07,7.011298670618169941e+06,4.762359283704455942e+06,8.395155034705940634e+06,4.547712959083754569e+06,6.467178224590194412e+06
2.168272165976248289e+03,1.072518010704405792e+07,3.800700626059746835e+06,1.132507578122979030e+07,1.025887794512137957e+07,5.676157811027317308e+06,3.772071847190494835e+07
1.126059565833175475e+04,4.027707787026575767e+06,4.107518164502489846e+06,8.215015558015826158e+06,9.833312047488389537e+06,7.383495342755087651e+06,3.302712647749540582e+07
7.544071233867372939e+03,3.039653606542349234e+07,5.830503950513764285e+06,1.222009907846191339e+07,6.568785181931245141e+06,1.183362963240586221e+07,3.676756557429374009e+07
6.761074975129641643e+03,1.590326295986282267e+07,3.148067361724455841e+06,3.298457230225251522e+06,6.938839113661167212e+06,8.195374997865380719e+06,5.686537717335996032e+07
8.860601419745973544e+03,7.826041462237038650e+06,2.147854918953521177e+06,1.176383044513014704e+07,7.932767457451854832e+06,1.002741572804757953e+07,7.989791774470209144e+06
9.455805916799368788e+03,8.971804602242138237e+06,2.384428058719995432e+06,3.864367317230151501e+06,8.656664335187366232e+06,1.216414632303220034e+07,2.230160223710107431e+07
1.021849700713006496e+04,4.981855397285331041e+06,5.074294901102808304e+06,8.308305955390296876e+06,4.296036076315748505e+06,8.345178408015962690e+06,7.614931183271957561e+06
1.303558503663555530e+04,5.339909152351813391e+06,1.598283352954755072e+06,6.469369922790345736e+06,8.244116881822417490e+06,5.238642742147913203e+06,1.066446944768837281e+07
1.929020816593858626e+03,3.314894522201708052e+06,1.977866204361835960e+06,1.048733075319158286e+07,1.348858308041205816e+07,9.318097873231787235e+05,6.369285206286367960e+06
1.623487644371162969e+04,4.996111305135158822e+06,2.769657435038482770e+06,5.653527015633090399e+06,6.806281282992135733e+06,7.725060093327469192e+06,1.151010308249476179e+07
1.014285878726690680e+04,2.590503398647692055e+06,1.344067227055235533e+06,1.340873626409105770e+07,1.050586961059891805e+07,8.027988963006184436e+06,1.106186646467548236e+07
3.819424262549711420e+04,4.904540756215778179e+06,6.931832211740699597e+06,8.702914059856813401e+06,7.726469064821260050e+06,1.965090542400789261e+07,1.012907616321638040e+07
1.082726541696447384e+03,3.592606908442291431e+06,1.703091663526171353e+06,1.882777413766822591e+07,3.593418599240693729e+06,9.966344696881808341e+06,2.957422801960011944e+07
9.231760607186899506e+03,1.470720073191978037e+07,5.670602623264062218e+06,8.396814838935093954e+06,6.371244855348415673e+06,1.214695285225601122e+07,1.793385431039635837e+07
5.973558750925153618e+03,3.821238356684485450e+06,4.652002969969033264e+06,8.188843533129555173e+06,1.183711825137858652e+07,8.798682848493237048e+06,5.832820107835811563e+06
1.780956870762033941e+04,1.235772570530428179e+07,3.808533375101401471e+06,4.231852245618951507e+06,3.701872987366236281e+06,5.952158007727264427e+06,9.442997673928504810e+06
2.052875686418044279e+04,1.142624008281506784e+07,2.168059850033411756e+06,7.149267773669157177e+06,6.133855192684382200e+06,5.506706297529981472e+06,8.108648946699240245e+06
3.321970714537003543e+06,2.271690014920676593e+06,4.685425635314167477e+06,2.729181101573752984e+07,7.027677227369401604e+06,1.706530388210966066e+07,1.730748644576384500e+07
3.043728468876228362e+03,1.534361432516551763e+07,3.629669712174193002e+06,7.130045418917855248e+06,9.863157332774588838e+06,4.084722799857658334e+06,6.225700242688276619e+07
7.623123891250301085e+02,4.421566002394106239e+06,2.063855769299986074e+06,2.154544605041988567e+07,1.138007159926784225e+07,3.802431496154554188e+06,2.997436106439867057e+06
2.407536637697642163e+03,3.175711925484579057e+06,1.503827255218387349e+06,1.290899432444108650e+07,4.646237958088846877e+06,2.785767732175083365e+06,2.631227314967632294e+07
4.036124786813199080e+03,8.999937939189784229e+06,4.231461985069664195e+06,1.142765666715557501e+07,1.089552257748523355e+07,5.272005181403454393e+06,5.005026516986159980e+07
2.442400484447335839e+04,1.441836259498676099e+07,4.061317753746193368e+06,6.540230110487911850e+06,1.210998491848631017e+07,2.048020351256945357e+07,1.547813547692354396e+07
1.653275849724055433e+03,1.392598306190428510e+07,2.022715330283090239e+06,7.373920533310883678e+06,7.553184834520712495e+06,9.069613479651750997e+06,1.879413835523797199e+07
2.269521173672220357e+03,3.568236661081293598e+06,2.837189644816171844e+06,4.615973182428612374e+06,6.979980078833794221e+06,4.076358055606906302e+06,4.825027095489872247e+07
1.017757632781804750e+04,3.804826265589753166e+06,3.658205440233560279e+06,1.158941117165216804e+07,7.624714583946151659e+06,6.095302503977465443e+06,1.638249788104777597e+07
1.668685006837012406e+04,1.467226103571292944e+07,2.283846335646417458e+06,3.788666777433730196e+06,5.429567297464079224e+06,1.052144739825861901e+07,2.161085120568507910e+07
7.633730596242003958e+04,3.678556594741228968e+06,6.104943651497915387e+06,1.237423630325663835e+07,4.365706168785645626e+06,4.302318040273110382e+06,2.307041227004847303e+07
1.323301681879183161e+04,1.318940312664903328e+07,4.077063128406242933e+06,5.598750588223728351e+06,3.648512529791973066e+06,7.034765843965287320e+06,4.158395301620772481e+07
3.158150090278845892e+04,2.215569254030182026e+06,2.140536049726143479e+06,8.464393599201176316e+06,6.030713511033327319e+06,2.425507819563537836e+06,1.379159112799802981e+07
8.693639842272796159e+03,4.171283605825272854e+06,2.338002448009244632e+06,7.771590047663786449e+06,8.499234417368285358e+06,1.664043494670773111e+07,9.257083997930070385e+06
1.685506102684083089e+04,4.277546916153403930e+06,2.367075139824628830e+06,9.314095090337472036e+06,7.455373510590178892e+06,2.829237301490981597e+06,2.902705787358239293e+07
8.498454109206521025e+03,7.848101286970671266e+06,1.597494462792919716e+06,1.375169608034540713e+07,1.220663524262405001e+07,4.065188648904062808e+06,1.431455830372332036e+07
1.591641647022743018e+04,6.097910862790093757e+06,5.053064517601389438e+06,4.978949151282705367e+06,4.989264288901263848e+06,8.422748178251899779e+06,2.309847234894455969e+07
1.530049240654712776e+04,6.573883193649002351e+06,1.662410364577750675e+06,6.785702925540121272e+06,1.021734857020515576e+07,3.279837333910222165e+06,6.961419621715992689e+07
1.229659578367446784e+03,3.106503283332172781e+06,3.013289830664259847e+06,8.992673639536002651e+06,1.277720458324352466e+07,7.282183538879035041e+06,2.119996507930903137e+07
1.242467027672054655e+03,5.179758322338864207e+06,3.226766683871855028e+06,9.434147675546387210e+06,3.122129071946614422e+06,5.034965331326867454e+06,1.671576764395476319e+07
7.260065494577304889e+03,3.739514441726504825e+06,2.429101298210658599e+06,1.484389684550800361e+07,4.228249819764629006e+06,5.550430294028521515e+06,1.512995269183197245e+07
8.549598112408330053e+03,6.767132387990504503e+06,3.040148984072803520e+06,1.277168949945017509e+07,7.639318830443732440e+06,2.886567182349436916e+06,1.470042488415655121e+07
1.012303712160308123e+03,8.409511740512793884e+06,4.800164096084485762e+06,9.832499685632601380e+06,4.890008315507103689e+06,3.082366242584199645e+06,7.110429657931092195e+06
1.395182191338359007e+04,5.413711853774284944e+06,1.932041520968634402e+06,1.112383616638403386e+07,4.728859877991864458e+06,8.060383672073367052e+06,2.877406947988620773e+07
2.695888421335915609e+03,5.743205291666455567e+06,5.635361296171682887e+06,9.874196580494258553e+06,3.776531972244898789e+06,1.452192533024962246e+07,3.811768249713604152e+07
7.972768152822312004e+03,1.668073385650089476e+06,1.762480108926978195e+06,2.151440755064155161e+07,7.469708310786607675e+06,3.166685377779908944e+06,1.936960837562216818e+07
1.009849010093614424e+03,8.286819485825832002e+06,4.054576341812628321e+06,4.136052110475530382e+06,1.085892167988461815e+07,6.595225111305595376e+06,1.443619224306962080e+07
1.162774088226197455e+04,7.927931761476490647e+06,7.408607513602541760e+06,8.074450291524449363e+06,9.422787055508678779e+06,8.915478869834704325e+06,5.499402517645943910e+07
9.546336155804219743e+03,1.997861263004615158e+07,3.179201246105396654e+06,7.947265670119755901e+06,5.004528178685697727e+06,8.859701275976704434e+06,2.987267293183857203e+07
2.054199483419691387e+04,3.442810601326460950e+06,2.528333835129117593e+06,5.606266651333579794e+06,9.624354635690545663e+06,4.238351148717785254e+06,1.250491647447729111e+07
1.572008368614408937e+04,7.041009634974885732e+06,3.750317986549458001e+06,6.572203452102313749e+06,9.200666247671013698e+06,9.853369268546897918e+06,2.781081195098369382e+06
8.084095058512923515e+02,3.059594055978075601e+06,1.244793509411982726e+06,2.304584654870544001e+07,7.327702725877691992e+06,8.047192555284380913e+06,8.855329054025247693e+06
1.109669488831057424e+04,2.352362904844535142e+07,8.771591413129417924e+05,5.788643144447413273e+06,6.792896233159933239e+06,1.456907043510418152e+06,4.363517465805866756e+06
5.929845822947198030e+03,2.234359058745192736e+07,3.179862405264287256e+06,1.665045399067201465e+07,7.221529069506052881e+06,1.861662095938742533e+07,4.140190178003500402e+07
1.371956770613239132e+04,1.352331481315621734e+07,4.274442269467171282e+06,3.627758134687936399e+06,1.140458980756986514e+07,1.374304315062192455e+07,2.382059677118115872e+07
1.074754749989518587e+03,1.416530056943418644e+07,6.129435851361112669e+06,7.387320921917786822e+06,9.905942826241835952e+06,7.395351199267422780e+06,2.057234036133662099e+06
3.859365786631529772e+03,9.510730923529086867e+05,2.792858594420960173e+06,7.700734809573162347e+06,7.340582805903169326e+06,4.758697618751649861e+05,4.684762263080268353e+07
1.852204992890502763e+04,6.229916775780984201e+06,2.898561378303267527e+06,5.127249815114142373e+06,1.198351373485917225e+07,3.935385947021919303e+06,2.259865371389196813e+07
1.924893785321425821e+04,2.339157389290907606e+07,1.823235100278412690e+06,7.898304351924193092e+06,3.605201711767227389e+06,4.210030452950173058e+06,4.827065507362128049e+07
2.143963159888513474e+03,2.014389152960052341e+07,7.562036346370583633e+05,2.478424839430427551e+07,7.698957080535963178e+06,1.150040935077562183e+07,1.300160579595412128e+07
1.440021881081662650e+04,4.003572708876994904e+06,3.722176753908534534e+06,5.498344176719768904e+06,3.595093801320942119e+06,1.155302972270188853e+07,1.705290659615370259e+07
1.696052158039162578e+03,5.974806848996823654e+06,1.714842013124722522e+06,9.441337146575907245e+06,6.337415009509750642e+06,3.198435302801111247e+06,2.035116922567414120e+07
6.095213553578280880e+03,3.875600761267290916e+06,1.107431701712137554e+06,7.376328052764751017e+06,5.884269162466426380e+06,1.021029419955865480e+07,1.477109863588768430e+07
8.850978025107533540e+03,9.112740249768821523e+06,6.854267510606482625e+06,4.592309659942531958e+06,5.233432812702347524e+06,2.055405497893048916e+06,6.368921174810440280e+06
8.392093069904703952e+02,8.031428492928880267e+06,3.620423283487299457e+06,8.722941205686436966e+06,7.975770442744708620e+06,4.526388493469712324e+06,3.613190013416261226e+07
1.843247735760076466e+04,5.054520638001483865e+06,1.802891483484178549e+06,7.793143378680012189e+06,6.604956026685602032e+06,4.827052080995717086e+06,5.600052444362349808e+06
1.807020715200321138e+04,6.529206826319118030e+06,1.760256973379975185e+06,9.625769111404074356e+06,1.071443658240438998e+07,3.291396208957218565e+06,1.019818797037695162e+07
7.788238599886556585e+03,8.110742050393423066e+06,2.844878497198733501e+06,8.448234029522227123e+06,6.202340008396223187e+06,6.842276011911147274e+06,2.300305067229684815e+07
1.528650103528953150e+04,2.879289101884989068e+07,4.828906693214477040e+06,9.738598407102880999e+06,9.773513742409056053e+06,1.850000643713613600e+07,1.077567065484638885e+07
1.665199654887856013e+04,8.382029658550800756e+06,3.082791078380285762e+06,7.225535728460064158e+06,5.913495694948661141e+06,5.366289312535563484e+06,2.149580152282557636e+07
2.209596540000516143e+03,1.053198378820256144e+07,2.864075756079576910e+06,3.843176526387889870e+06,1.006166902454013750e+07,1.147319449366281740e+07,1.231440753765255772e+07
2.116656777162627623e+04,1.033106329183364101e+07,6.117311507280295715e+06,6.428875694632367231e+06,7.226625682947176509e+06,7.511919475000526756e+06,5.269309777163311839e+07
1.578601874626835706e+04,9.058267760586794466e+06,1.582316846286469372e+06,1.502665111780632101e+07,9.199919618079259992e+06,3.634859771791811101e+06,4.486369658304118365e+07
1.835253332759206387e+04,4.872916851462297142e+06,1.170290942715870449e+06,7.702543744589806534e+06,6.024121016378054395e+06,5.372339048425277695e+06,2.386463374301309232e+06
3.473204051631455059e+03,3.599920614062889945e+06,2.827906360086150467e+06,1.959049162464478612e+07,4.280708028825361282e+06,2.241657121572041418e+06,4.866039337264846079e+06
9.519554505936941496e+03,8.356398800983786583e+06,3.109028280329592992e+06,5.456262242354693823e+06,4.788904763884976506e+06,4.764692386760669760e+06,3.814761127579893172e+07
1.190350726886451412e+03,3.376524325346766040e+06,2.503782606815363746e+06,8.637249139319537207e+06,3.367261404895016924e+06,1.945602668968912447e+06,4.323713681720554084e+07
1.654876627360000202e+04,3.146391953710597940e+06,4.280379378983088769e+06,7.778539298368259333e+06,6.488013879672528245e+06,4.102982994991523679e+06,1.362468876482694410e+07
3.393391921165887652e+03,1.548812185750941373e+07,3.191391928946072236e+06,6.980056712337187491e+06,4.843848056662844494e+06,1.111246943075236678e+07,8.151157701821662486e+07
8.590244377789487771e+03,5.159221262090160511e+06,2.644243907110655215e+06,6.892583171188232489e+06,9.314537658181920648e+06,1.431591510430628993e+07,3.077189804273186624e+07
4.512114351476679076e+03,4.920534657085496001e+06,4.693691787632074207e+06,1.993605824149805307e+07,7.342964321499035694e+06,3.592062292291699443e+06,1.135037121264701895e+07
1.649608127707859239e+04,7.984278725163243711e+06,5.492227199790955521e+06,5.793538194735901430e+06,1.074756599288920313e+07,4.512263399875924923e+06,1.722195710809665918e+07
7.404520033084022543e+03,7.025156295457551256e+06,3.160899677172969095e+06,6.944975685259341262e+06,7.296880380125818774e+06,2.642357613280039281e+06,2.237155247970643267e+07
3.242624447485639030e+04,8.711982630430491641e+06,1.236446493964048801e+06,1.618055804669136740e+07,1.173838688279892690e+07,8.496115738605558872e+06,6.665813205908176489e+06
9.066312388138863753e+03,3.007192434577110223e+06,9.664347007753493963e+05,2.542485545147648454e+07,7.054222353552299552e+06,1.773657738832941977e+06,9.621948609786149114e+06
1.763826027660293039e+04,2.223199450630406849e+06,2.006949626420489047e+06,1.102267813262488693e+07,8.636584573733337224e+06,2.753344909015820827e+06,2.807282733998613432e+06
2.387088573187891961e+04,1.421387222311192937e+07,5.507663333174315281e+06,1.066780586770471931e+07,6.357580017133026384e+06,1.161144936682448350e+07,8.592398958076091111e+07
7.759004398518471135e+03,5.687932378320037387e+06,3.810652506370511372e+06,6.940142533059448004e+06,1.043991841023199446e+07,1.362286840016687475e+07,2.888587295304916427e+07
9.112365541183910682e+04,8.535213659748909995e+06,6.655745259206562303e+06,3.399003700178781990e+06,6.175463786216293462e+06,3.504533148240225855e+06,2.641002905584240332e+06
1.036956675297724360e+04,3.829168732599114999e+06,6.281824040648951195e+06,1.060001701057909615e+07,7.508667173898095265e+06,1.659985941046940908e+07,2.027050436356867105e+07
2.003363608969271809e+03,6.969347019606689923e+06,3.820774787837565877e+06,1.137325136547143385e+07,2.235519390521598049e+06,4.628680123935072683e+06,2.571625687263787165e+07
1.333301763982067314e+04,3.755137111289939377e+06,2.592047253983140923e+06,3.190443580701391678e+06,1.053893227008566074e+07,1.124441802905312739e+07,8.061433169856674969e+06
2.178114697768585756e+03,1.271794433542557806e+07,2.626940613918340765e+06,5.196934564533574507e+06,8.245497608577821404e+06,6.546366292407516390e+06,1.044243796815167926e+07
2.576906030620660204e+03,3.063901708305956330e+06,2.672331895102237351e+06,1.289645443864479288e+07,8.103825147586539388e+06,3.709269807693345007e+06,5.200746266724412888e+07
1.585585489861232236e+04,6.391115381893104874e+06,1.823925919071218465e+06,1.088457845607190579e+07,5.453878363522795960e+06,4.441265439800844528e+06,1.509722811733843759e+07
9.389685270801726347e+02,6.592720896929794922e+06,3.758490659943587147e+06,5.661467119755101390e+06,6.626579246864241548e+06,3.838392991096101701e+06,3.590399967117907014e+06
8.265112591825356503e+03,1.210713293651938252e+07,5.374108310706079938e+06,8.140145142786579207e+06,1.009521991745773889e+07,1.317381325352578051e+07,4.668881488745067269e+07
5.300945450737726787e+03,1.967898383997250581e+06,1.827879206487136194e+06,2.276598083764044195e+07,1.097704958063222654e+07,3.476143449656817131e+06,3.954217662455177400e+06
6.041024979528883705e+04,7.305112640712170862e+06,3.364262758857819252e+06,6.527115431654027663e+06,1.759911809778552130e+07,5.296729566219011322e+06,1.152007049357324094e+07
5.781346322203725322e+03,3.772041606112947688e+06,1.846796519435982453e+06,9.333923619854182005e+06,1.564219193197763292e+06,7.468005996657645330e+06,9.906923840764313936e+06
1.012303712160308123e+03,8.409511740512793884e+06,4.800164096084485762e+06,9.832499685632601380e+06,4.890008315507103689e+06,3.082366242584199645e+06,7.110429657931092195e+06
1.727811612970909846e+04,6.738770069110906683e+06,2.891625321439970750e+06,3.016932710435323883e+06,9.598720374690603465e+06,5.132283812541127205e+06,3.551528471246565133e+07
2.104395267240192879e+03,6.783778596572422422e+06,2.801334774590242654e+06,1.090166721822744235e+07,5.773622350661994889e+06,1.040353639462742768e+07,5.096449133784455806e+07
2.078565951854121977e+03,1.076024560008685850e+07,2.591101710772186983e+06,6.669175087130236439e+06,1.427862394363663904e+07,2.530186575787620619e+06,2.646087153097074106e+07
7.350777894769409613e+03,4.270587504181410186e+06,3.963415932237398345e+06,1.941849691354714334e+07,9.289176388919254765e+06,6.359012065920101479e+06,1.034637879411518201e+07
7.269659773129222913e+02,4.008071488355488982e+06,9.669813676719206851e+05,2.692169023839161173e+07,5.349826205928646028e+06,6.806544361399102025e+06,5.775701839860166423e+06
1.342578090696352228e+04,9.613800491937527433e+06,5.598004127099907957e+06,5.598462437456272542e+06,7.201195909755825065e+06,1.210699753312453441e+07,2.373111602442987636e+07
5.802260552630234997e+03,1.340581054220379703e+07,4.206525219785255380e+06,1.258369902270566300e+07,9.563089658937897533e+06,1.163273742732533813e+07,6.306617603967861831e+07
2.005590876965882853e+04,4.380060391395461746e+06,5.485951167620221153e+06,6.798209555888147093e+06,4.464542063336475752e+06,2.020263543707665987e+06,4.541385013048795611e+07
1.430424204328410269e+04,1.310158274810202792e+07,9.998107875424752012e+06,5.031923495132874697e+06,9.364806615874243900e+06,7.403057689899777062e+06,1.220590795397851057e+07
9.307654619417262438e+03,9.642903475030178204e+06,4.282323015402091667e+06,6.398363931598651223e+06,8.666890916821023449e+06,1.286436643155623600e+07,2.808030848541850969e+07
8.285994567999909123e+03,7.422501051008124836e+06,4.337845742535674013e+06,1.102188983523230441e+07,1.028682366122500040e+07,7.542529076546502300e+06,3.292981327727566939e+06
9.365987712910402479e+03,4.821106027062229812e+06,3.056707095957365353e+06,3.940170566689453553e+06,6.058882645857205614e+06,9.003444560172671452e+06,3.592921166468870640e+07
2.806129275765299826e+04,1.065283158293668181e+07,6.942247432388819754e+06,1.216812552754041925e+07,7.280250377290764824e+06,6.211225715456722304e+06,6.517730210256405920e+07
2.578430307666833414e+03,5.951709546398688108e+06,3.256653539232250303e+06,7.457467151873712428e+06,7.382567156668520533e+06,1.756929989581099898e+07,1.765390157623052830e+06
1.226847052786158383e+04,6.653101600587446243e+06,3.931084162049953826e+06,5.431772562259698287e+06,4.503114060167598538e+06,6.182805846923361532e+06,6.133165615160406381e+07
1.568869459658193227e+04,1.607285100570065342e+07,2.732556547665287275e+06,5.781796485085248016e+06,7.129569874352020212e+06,1.240203729510282725e+07,8.150342790409760177e+07
2.001238977462880484e+03,8.090658416454311460e+06,1.680764024721745169e+06,7.250537729371410795e+06,9.977801040818288922e+06,3.213591213479610626e+06,3.126644782351374254e+07
2.103907007614769827e+04,1.261944040916232765e+07,3.457656464677996468e+06,5.054002623985786922e+06,5.633458213303336874e+06,1.197072230369364284e+07,2.380248167362939566e+07
2.785899206289566337e+03,2.265075474277737550e+06,1.741308353984225774e+06,1.060734774378626980e+07,5.816341245395825244e+06,3.550394383134808857e+06,5.071132651951330900e+07
1.112424837117610696e+04,8.626570055636130273e+06,3.697286790274477098e+06,7.522337379051253200e+06,3.536306879025100730e+06,1.017327193546598963e+07,6.804716895749461837e+06
2.250417351008377591e+04,6.913049231422868557e+06,2.657902954009296373e+06,6.444938852960831486e+06,4.270704388109139167e+06,3.055827610589183867e+06,1.748618286395110190e+06
1.211485772324874233e+03,7.538894727176263696e+05,1.482405741083840141e+06,2.201157680699534714e+07,4.881022463436979800e+06,1.171695683602006920e+07,1.244083238916089945e+07
8.643636474120017738e+03,3.453378431325748563e+06,1.472866410911499988e+06,1.581690721500429884e+07,8.369113665212997235e+06,1.196945981844839267e+07,1.498000008923140913e+07
7.651285811098608747e+02,8.196908202996012755e+06,6.737606785462552682e+06,8.177601075330941007e+06,9.491754771052965894e+06,3.397877687544755172e+06,3.266847092017307505e+07
1.060731874128561685e+03,6.958181862294077873e+05,8.254500837450380204e+05,2.444495952350974455e+07,5.949839371253668331e+06,1.646862928750532214e+06,6.961293009257926606e+06
9.228393695101561889e+02,7.176664127226020209e+06,2.302467343059097882e+06,2.199242125928301737e+07,1.081880204335380904e+07,5.538187871380885132e+06,6.785164634603869170e+06
7.827357009776059385e+03,9.770764466624034569e+06,5.025608740704826079e+06,7.202621473010490648e+06,9.815930009113311768e+06,1.734582112457783893e+07,5.044547361180799454e+07
1.206793288243646566e+04,9.012990874939151108e+06,2.672540619346414227e+06,7.076108641201451421e+06,8.834229894663983956e+06,3.782158805868094321e+06,8.136594402263634838e+06
4.299368835665899496e+03,5.707662934975627577e+05,2.839650352825417183e+06,6.535397590539940633e+06,7.103700903707490303e+06,8.625982084407609655e+05,3.585654532295800000e+07
1.414694661297359198e+04,5.637531768262388185e+06,1.466933269741892116e+06,1.322141569684013724e+07,5.308241934356012382e+06,6.490482462377309799e+06,3.914626368735264242e+07
6.806554825912199703e+03,5.206433949703171849e+06,4.667258413371643052e+06,1.417713411632646434e+07,4.059502927068924997e+06,4.586385979092838243e+06,1.469374112999264151e+07
3.339245066806729483e+03,1.599629362278159708e+07,2.166218499889041763e+06,1.064890101490498520e+07,6.948147681320693344e+06,7.320238628778033890e+06,1.809784953283017501e+07
1.045820397858535056e+06,4.719202586871844716e+06,2.512675728695591912e+06,2.387703181602715328e+07,9.476858626664973795e+06,3.407341874228535686e+06,2.223817088136876002e+07
8.154266802341717266e+03,1.897054858405263349e+07,3.648808820683354046e+06,5.805870449902017601e+06,4.643713736373128369e+06,9.898846195662561804e+06,2.091783463249748945e+07
5.840611859145800736e+03,4.062242012787966523e+06,2.064502406298151473e+06,1.987693840087082610e+07,1.000442937031536736e+07,9.459816813774004579e+06,1.618673331223182566e+07
3.139324606512750688e+04,1.018594963256802410e+07,3.576189475424794946e+06,8.932451564570890740e+06,4.261925472168900073e+06,7.322134691738931462e+06,1.535235799275153503e+07
1.899629538133309921e+06,3.807595943847629707e+06,7.278010559012886137e+06,1.531141868470360711e+07,6.155692717847495340e+06,6.847320024077028036e+06,2.814728451322345063e+07
1.217493985346922273e+03,1.504151098511214834e+06,8.362269386413660832e+05,2.544205430745662749e+07,8.072177409374197945e+06,8.822761512279063463e+06,3.007691167501693591e+07
9.560225800824415273e+03,6.364172993961952627e+06,3.613942453987608198e+06,8.194977704340692610e+06,5.409827602617427707e+06,1.674737557031442039e+07,1.698878607103144750e+07
6.215836640745966179e+03,3.155430583586009685e+06,4.869239067657063715e+06,1.763781948187559843e+07,9.954506251728579402e+06,5.534970809175798669e+06,2.493982288226618618e+07
1.526318304529374245e+03,6.530160925320536830e+06,2.950706781923944596e+06,6.819453407151919790e+06,7.180801012322797440e+06,4.389171482554371469e+06,7.721228196157293022e+07
9.324206523886950890e+03,2.317878404948002100e+07,3.890323635165481828e+06,4.158417606025920250e+06,1.025421434807850793e+07,5.022409341264869086e+06,3.768875486454645544e+07
1.233011353488309396e+04,1.243511749194904044e+07,3.079314560890710447e+06,1.667673597043569759e+07,1.618847424460807815e+06,8.171379870883057825e+06,2.678048263498875778e+06
1.084933027121092164e+04,6.420883976535262540e+06,3.608552826697355136e+06,1.055022434799039364e+07,7.769870998501537368e+06,1.744512598251614021e+06,1.865842908638468757e+07
1.394139916231359348e+04,6.842730589821689762e+06,6.739515892177518457e+06,5.569727469019170851e+06,7.707792007807128131e+06,8.614854861663468182e+06,1.973016329336914048e+07
6.983546124243785926e+03,1.255192510979851522e+07,5.844965368530030362e+06,1.524026351120247319e+07,5.898801708669816144e+06,1.061703967111074738e+07,2.075069232932695746e+07
6.336147769719480857e+04,6.901403934700898826e+06,5.600855038262556307e+06,1.149293795420805551e+07,4.979496501299037598e+06,5.122550228426661342e+06,5.665345107456587255e+06
6.555265544196486189e+03,1.046041734086637758e+07,4.044384871439038310e+06,2.321960287664716691e+07,4.215196598851507530e+06,1.204948549042511545e+07,3.131351271893230081e+07
1.490170967163698151e+04,8.080592577177169733e+06,3.853547297205265146e+06,7.329669619322727434e+06,6.522233748103258200e+06,7.842399981120165437e+06,2.338840621015227959e+07
1.228074726419825674e+04,5.208623797556987964e+06,4.808102784351454116e+06,1.067335751409433410e+07,5.834679774749681354e+06,4.239649130983613431e+06,1.484310050156114250e+07
2.746214611872042951e+03,1.460604870716162398e+07,2.919626153037872631e+06,8.921976814668130130e+06,6.925331247885029763e+06,3.638917898467381019e+06,3.724944717612830549e+07
1.848420534552731624e+03,2.982810540280611254e+06,1.759159907525301911e+06,3.752701268499037251e+06,8.215340708093389869e+06,4.223802344421355985e+06,1.719865688820069656e+07
1.533374206525419868e+04,3.044551593814569060e+06,2.103694856999315787e+06,1.333497986905333586e+07,3.935545357943569310e+06,2.578582449262549169e+06,1.397464794836421870e+07
4.883156486784556364e+03,1.539008809223598801e+06,2.061540899446896045e+06,2.493091350431104749e+07,8.048769666895774193e+06,2.071204949107343564e+06,3.420194057530004531e+06
2.561545261273247161e+04,8.164870829871476628e+06,1.443189839228838915e+06,1.352649511436908506e+07,5.974300595466748811e+06,4.561705254105788656e+06,6.429991534767937846e+06
2.610315792859028079e+03,5.462821883956072852e+06,1.713871774785272311e+06,5.308346137583824806e+06,6.340481071721720509e+06,2.419831789994007442e+06,3.613685527748674899e+07
1.114017997022836062e+04,5.663432934547458775e+06,1.531408725192406448e+06,1.402556554319363832e+07,6.768389487793462351e+06,4.580310584692883305e+06,2.059336370486923307e+07
2.191734384845877867e+04,5.959370752140979283e+06,4.419668920527383685e+06,5.862241664384068921e+06,6.255211977761522867e+06,6.862986494697549380e+06,3.592225000864923745e+07
1.789795404819851228e+03,9.252170463324371725e+06,2.267306001936339773e+06,5.245920808827941306e+06,1.055209362206859142e+07,7.070954886540397070e+06,2.829447506246164907e+06
1.302922400431773167e+04,1.748136780919175968e+07,3.347562218855408952e+06,3.092024690251708962e+06,1.614283023858679086e+07,4.253572374876453541e+06,3.293440632373547647e+06
2.003439320088922250e+04,1.119644642255957425e+07,1.528872643092881190e+06,6.736979220522011630e+06,6.050089426409041509e+06,6.084263098291794769e+06,4.393656518146463484e+07
9.676282601355610495e+02,4.083501477827151772e+06,1.533698035643553361e+06,1.571665396175128594e+07,5.303523531284125522e+06,3.361305100538150873e+06,4.104474239364627749e+07
1.891078708798561820e+03,2.097065393781819381e+06,2.458461679857249837e+06,4.081448914644228294e+06,2.817023471965469886e+06,4.061216354456145316e+06,1.972289210900597647e+07
2.298916541600085566e+03,6.683670178720738739e+06,9.076070405279151164e+05,2.374386265898747370e+07,8.088877681758414023e+06,1.242729511572996341e+07,4.061809481723192148e+06
9.027422787920351766e+03,4.918146858597180806e+06,3.127031619425885845e+06,8.723456149173015729e+06,5.988237296978984028e+06,4.428024879679425620e+06,1.903213866577253491e+07
1.666670414037591399e+04,8.009861327005561441e+06,3.636574526172684506e+06,5.272001595917779021e+06,6.905366431844260544e+06,1.094333982629436255e+07,2.766374157498199865e+07
4.318131524964911478e+03,4.376169461227479391e+06,2.886613671353083104e+06,2.107922496503558755e+07,4.019244311268153135e+06,6.237358483489218168e+06,1.512208148894135095e+07
3.206089465562791247e+03,1.797089354844289832e+06,3.463892774064110126e+06,7.273135942220160738e+06,7.513247634026973508e+06,1.222889660833869688e+07,1.569351766698490828e+07
1.003012353698943662e+04,6.365475886756198481e+06,6.064438623967219144e+06,5.097414736969530582e+06,8.343038482677439228e+06,1.131887042709461227e+07,8.681216852851282805e+06
2.331576027964938839e+04,1.448145621362664737e+07,4.080179154160761740e+06,5.917075822974218056e+06,5.899789879819867201e+06,9.085805325759729370e+06,4.381569798291150481e+07
1.106175435463878330e+03,7.451917981215013191e+06,3.189957444247643929e+06,1.519874228831573203e+07,8.450368163960950449e+06,1.177605451626882702e+07,3.077985223811671510e+07
1.724789334150518334e+04,7.203334436788704246e+06,1.617704541653721128e+06,7.668109413756357506e+06,8.219322690052771941e+06,2.280968843791712541e+06,3.366716384248934686e+07
8.340293602089313936e+03,9.974593517885841429e+06,3.751173945513978601e+06,7.934283118109526113e+06,5.190265477801950648e+06,4.314306627433598042e+06,3.346724865523288772e+07
2.242857303290382788e+03,4.575266575056010857e+06,3.801722486880185548e+06,3.969774925260894466e+06,7.711623702440040186e+06,4.467799568910165690e+06,3.134077120265321806e+07
2.032641519768933449e+03,1.477052771996010095e+06,4.965635061063862406e+06,8.893874753992633894e+06,3.228224744494937360e+06,5.184957395877179690e+06,3.007775789044921752e+06
1.313932094324862192e+04,7.964425081110123545e+06,4.427051866341277026e+06,3.691113431983602233e+06,9.988424689787091687e+06,4.522463634679678828e+06,6.694249034481149167e+06
6.866724111952903513e+03,8.904506427742112428e+06,2.683541078678850085e+06,1.536610715663888864e+07,6.576589222217174247e+06,1.258165518079158105e+07,4.138151337660176214e+06
1.613162253271460486e+03,6.239230913658477366e+06,2.739429609385131858e+06,8.673807677393566817e+06,9.929436351989226416e+06,4.782103890848785639e+06,2.797359048222894222e+07
9.046667039667170229e+02,6.416106964867682196e+06,9.812847501657833345e+05,1.082511851833654754e+07,7.319629221401858144e+06,6.207513142014547251e+06,2.046150657080103084e+07
1.294690279500902579e+04,4.426058083086506464e+06,3.932373019758354407e+06,2.990122900676428806e+06,9.090856923619339243e+06,1.032699643674719892e+07,2.241376926990099717e+06
7.775204601585883211e+03,1.326956143044552533e+06,9.773906658685568254e+05,2.075448583774035424e+07,5.435753770543991588e+06,3.794240410737581551e+06,1.024101513942488097e+07
7.058419761131991663e+02,4.501273291419884190e+06,4.311189843725336716e+06,9.218643464111162350e+06,7.824142852912827395e+06,1.328872967902999744e+07,3.793853220997737348e+07
7.642688837358638239e+02,3.656209257094225381e+06,1.575364413766163168e+06,1.634567787276794389e+07,1.300030799768440239e+07,2.150106680220841244e+07,1.607287640606412850e+07
1.515994531276200905e+04,5.469500931245810352e+06,2.544751591055073775e+06,3.954535302614624612e+06,1.242028113249364309e+07,7.810630193810088560e+06,8.046612258334539831e+06
1.492656905518677013e+04,9.039473475505983457e+06,1.621204863723756745e+06,7.343243200953477062e+06,2.131129091410895344e+06,8.741311711911357939e+06,2.103346169387300685e+07
1.620700917604473216e+04,5.091819771397388540e+06,4.910765251602435485e+06,4.650487567931636237e+06,3.345296050557203591e+06,1.167945323591841944e+07,2.155249467258867249e+07
1.830594520638884205e+04,1.614499831184416311e+06,2.853435651553743985e+06,7.547646434055625461e+06,7.569461630792559125e+06,1.649883621891544200e+06,1.752838480692154961e+06
1.641442042242218668e+04,5.149656274235644378e+06,2.150860085311288480e+06,4.883825021845937707e+06,1.061835565984365903e+07,3.574500301604982000e+06,1.349611194549912959e+07
9.881897092738676292e+03,6.298427445002796128e+06,5.172100437538328581e+06,5.747661299816448241e+06,3.990944872270297725e+06,6.316313073523445986e+06,1.078258864263349585e+07
1.312280196341644341e+03,1.652595468628004380e+07,2.532318121569316834e+06,8.356634475954490714e+06,9.245113375311745331e+06,3.900615145656378008e+06,8.113872894506309181e+06
7.732788576329341595e+03,2.943358050619829446e+06,1.459145698720078450e+06,2.195934389107799158e+07,8.304115372313520871e+06,4.052356909933778457e+06,6.496899512802126817e+06
2.581855947046226447e+03,2.957398104304697365e+07,1.949544219558760058e+06,6.199037112704765983e+06,5.162922399066877551e+06,5.067145686253866181e+06,3.688097019933098555e+07
3.054233910693204962e+03,1.230306950128811039e+07,4.674126908367916942e+06,8.070540235821099021e+06,5.664721582545357756e+06,1.377329966313063167e+07,4.700621643623279035e+07
2.010154249163403802e+04,9.710416276281993836e+06,5.206645602911682799e+06,8.934949418784689158e+06,6.829935412267329171e+06,8.114898088728588074e+06,2.415122203188827634e+07
1.967291694210239075e+04,2.400957765411207080e+07,3.502282229440021329e+06,5.212769159344589338e+06,2.553594877644027583e+06,6.694867398320750333e+06,5.042986054356193542e+07
1.793413479846670043e+03,2.215282998234439641e+06,2.243288384284817614e+06,4.174384576422997750e+06,1.185497590841217712e+07,1.445851918726901757e+06,7.200390111579447053e+06
8.552490998197506997e+03,6.398575752217741683e+06,6.692787815872521140e+06,1.312280983924794383e+07,4.727503048307877034e+06,8.973631815021904185e+06,3.374223243430874497e+07
5.999870776259631384e+03,3.278912582372882403e+06,1.715378928463263903e+06,2.159204925787919015e+07,1.371680054705862515e+07,8.708574757656129077e+06,3.164145244690133724e+06
7.705617147418976856e+03,1.635904653889426496e+06,1.423027384495903971e+06,2.015193549336493388e+07,8.490038102562783286e+06,2.213227178715065587e+06,1.888743071188470721e+07
1.756249433849137495e+04,7.399772745731461793e+06,2.366892648864303250e+06,5.640947530265711248e+06,7.608844206680346280e+06,3.450402781651372090e+06,1.880941275755282491e+07
1.687331527236016336e+04,9.176353369840523228e+06,2.926718193017157260e+06,1.017871345318136923e+07,4.082346555951295886e+06,3.484952887931703590e+06,3.435172417440617830e+07
6.686356192892447325e+03,5.899957645810539834e+06,5.181942284274918959e+06,7.595292674573946744e+06,1.309214381646739319e+07,1.246556178152931295e+07,6.485507157358513214e+06
7.123396441520947519e+03,1.274901788295806386e+07,5.277377040987521410e+06,7.103128853890025988e+06,7.036217152641240507e+06,1.029470491580942646e+07,7.680879550946522504e+06
2.485818431427183441e+03,1.322198296427534148e+07,3.557575055306544993e+06,4.369603232199504972e+06,7.563889089194303378e+06,9.488216445492260158e+06,2.578955531741343811e+07
2.166638746277109021e+03,8.170445597362960689e+06,3.248241213365416974e+06,8.422510522907184437e+06,4.134026630538011435e+06,1.068015106178443693e+07,1.322798421701382473e+07
8.416560574702309168e+03,3.896957842494764365e+06,8.844700568744743941e+05,2.167608572763882205e+07,8.617780740605473518e+06,1.094240415637686150e+06,4.440500805145155638e+06
4.912912417939778607e+03,2.904735319264623802e+06,1.803164953470489476e+06,1.303220861527907476e+07,4.181974376780034043e+06,5.256526482481194660e+06,8.961664629923960194e+06
1.839713051011253992e+04,2.068927664886597544e+07,5.118409613114108332e+06,6.465936017753095366e+06,1.083111804979881272e+07,7.965243918961251155e+06,2.303763530091607198e+07
1.248419903206944946e+04,1.027004690285408869e+07,4.494677448230483569e+06,7.209943273206548765e+06,7.362447706778308377e+06,3.847138887603269424e+06,1.243218632383863255e+07
1.606660782335891054e+04,9.254787842992449179e+06,3.212994744132131804e+06,9.347972320240302011e+06,3.662938885343630798e+06,4.914303469561425969e+06,4.089587282095266040e+06
1.746328947578011503e+04,2.101805560880285874e+07,1.978365643220031401e+06,7.588392769917313941e+06,1.637557278189598024e+07,5.597183730160138570e+06,7.301201614545068704e+06
1.716700655627738797e+03,8.233626516607894562e+06,4.700402430022407323e+06,1.041599890503480844e+07,1.067225382692542300e+07,6.904572278804053552e+06,1.116359885625470579e+08
1.248432092872988869e+04,5.565168688659436069e+06,4.978608691784259863e+06,9.605034555079372600e+06,7.174944179969164543e+06,5.421305745965940878e+06,5.389331533435141668e+06
1.470643389942307658e+04,7.176260210329531692e+06,3.241315623416186776e+06,1.032199553346083499e+07,2.790618607292862609e+06,9.134975354356260970e+06,2.559404772902540490e+07
1.783446433769838450e+03,8.455044935931734741e+06,7.044340780937578529e+06,6.996117694587026723e+06,4.622541923436054960e+06,6.160750312154522166e+06,2.274547919590565935e+07
3.449874159925988351e+03,2.238420735970555339e+06,3.406934611655943561e+06,1.040645591991324350e+07,5.669740475872467272e+06,1.302187721847755834e+06,3.628319485417449474e+07
3.093884124030186649e+04,2.911528054724115413e+06,3.068058937269710470e+06,9.564098915818667039e+06,5.516148698503955267e+06,2.010546374211764894e+06,1.123137985879786871e+07
1.715581930683737664e+04,1.386639084399840981e+07,4.649176920044565573e+06,4.758910067855170928e+06,6.488187831704038195e+06,1.392758336754083633e+07,5.273939482179935277e+07
1.781752437031399313e+04,4.379416182713131420e+06,2.057016571552028647e+06,9.361821042364001274e+06,1.065775127881163545e+07,2.879384121258466039e+06,4.704335876082899421e+07
2.793984606926223023e+03,1.252645448326890729e+07,1.077231732024461264e+06,1.646937140252950042e+07,4.761202659621080384e+06,1.610493125190637074e+07,1.413631352248078771e+07
1.325542694433646147e+03,1.201826954402623139e+07,3.630060774110479746e+06,1.079126612478142418e+07,1.178115019908842072e+07,5.650445223370458931e+06,2.190222361460331827e+06
1.228611902437735125e+03,6.044715528641488403e+06,1.680251544415748911e+06,1.258209128515592590e+07,9.094238997575059533e+06,9.117398865842660889e+06,3.607368151019088179e+07
1.398467034125610553e+04,7.412367693469421007e+06,3.082337049920748454e+06,7.613674014335686341e+06,9.995965992152972147e+06,6.793903254673196003e+06,1.069445347538001649e+07
1.083801672421174317e+03,1.653243027048186399e+07,3.038320259596257005e+06,6.270015145303376019e+06,7.900342711798339151e+06,9.749277871190708131e+06,2.287403034891212359e+07
1.741149744709569495e+04,1.537802130090340041e+07,3.569219264336366206e+06,6.428969916767835617e+06,9.847290082870014012e+06,1.037657401041817851e+07,3.173933214752210304e+07
2.405990485748662468e+04,2.023354059444463998e+07,4.669121813819074072e+06,7.545483228308713064e+06,5.707203774208816700e+06,1.158881048563705757e+07,1.831309944249561429e+07
3.481609500573134937e+03,1.561395681700858660e+07,5.817202737237724476e+06,5.478648016275029629e+06,8.087582501470901072e+06,1.489475732072553970e+07,1.199191118292972445e+07
1.487973509367774568e+03,5.070253344294223934e+06,2.021936550981259206e+06,7.554476473350997083e+06,4.010703665329864249e+06,7.822299937780174427e+06,3.963461837077578902e+07
1.424150329928225256e+04,6.021804567433650605e+06,2.667358074845604599e+06,7.253910936535750516e+06,9.616730402705814689e+06,7.204550700256852433e+06,4.960617946740490384e+06
1.541397522312854926e+04,5.750907616735055111e+06,4.545168371389736421e+06,5.179771706561351195e+06,9.707389564046218991e+06,6.450372868617701344e+06,2.191675732738607749e+07
9.559154558519358034e+03,7.187280822134108283e+06,4.258833763521829620e+06,6.921800630815303884e+06,7.183806313055836596e+06,4.851580360776747577e+06,6.063906162977150828e+07
7.897810806979982772e+03,6.995989656707250513e+06,1.681426662389330799e+06,7.390519094743099995e+06,9.039875221869569272e+06,4.629178995527901687e+06,1.915119060149780940e+06
8.494812877764767109e+03,5.328999560097488575e+06,2.904028573909523897e+06,7.723206212869552895e+06,6.377060980406466872e+06,1.182205005822031572e+07,1.523154991859050468e+07
1.796418929417404070e+04,9.126449880838805810e+06,3.947599582955160644e+06,4.697225087541305460e+06,6.786433167582147755e+06,8.039651383668604307e+06,2.671243215839654207e+07
1.939508634750780038e+04,5.719058982950358652e+06,1.435376713339738315e+06,7.052852323417322710e+06,1.172946347311350331e+07,1.108659162055134587e+07,1.672236234169985354e+07
2.353444386117588874e+04,7.475177132290914655e+06,2.357724302933902945e+06,5.849011975660756230e+06,6.537842318542558700e+06,1.881235504034585878e+07,6.766203406270257197e+06
1.582597689620823257e+04,1.709512507755089086e+06,1.630574086180906743e+06,1.195975631100209430e+07,4.813326155436312780e+06,1.793481646455333568e+06,3.167463935400640126e+06
1.512495900639645151e+04,2.595378765331437811e+06,2.278842541561390273e+06,9.414804815138019621e+06,6.263716206673751585e+06,1.146731587792513659e+06,9.233646592186739668e+06
1.038994057967367371e+04,5.859021080019941553e+06,5.361111691691233777e+06,6.945979226493816823e+06,3.957136881269440055e+06,7.792055567820172757e+06,1.481126418989710696e+07
1.664675087440048810e+04,9.752720731076246127e+06,2.925062223302578554e+06,9.470639371597386897e+06,5.232215532766637392e+06,6.651231299835559912e+06,2.417308214938824996e+07
1.600812408613314619e+04,1.041240105728419032e+06,1.573395837514900602e+06,1.257839849075830169e+07,7.102330065258155577e+06,3.060491822061099578e+06,3.440129062041489780e+07
5.348310823638475995e+03,1.141309725072805211e+07,7.362437466855145991e+06,1.461818691835250519e+07,6.058682957308675162e+06,3.243219305688259192e+06,5.489237694160963409e+06
1.369662377150149723e+03,8.925224322890620679e+06,4.351956150128677487e+06,9.995665292160509154e+06,1.542087105281079002e+07,4.798409950089604594e+06,2.581003304055172578e+07
8.975545461330437320e+03,9.552562583386704326e+06,1.484159823379581328e+06,5.366022748343581334e+06,6.438061492714917287e+06,2.402646541141423862e+06,6.183804758510192484e+07
1.584813840615877598e+04,9.576996305552965030e+06,2.864282599370754324e+06,8.930938064402798191e+06,8.411745426754539832e+06,1.227889021442399174e+07,2.979457614557535574e+07
1.842710192560151336e+04,9.262203194990940392e+06,4.803723327248437330e+06,4.023062308847617824e+06,6.218280589955409989e+06,1.136846260785922781e+07,2.684891392884567380e+07
6.766094522106519435e+03,5.355984480684421025e+06,5.081056930513571016e+06,1.379693881250695884e+07,7.505140773799830116e+06,4.558163011025713757e+06,5.733878106375166215e+06
5.409148252732165929e+03,1.591189364172651246e+07,3.172589583863014355e+06,5.662446747002518736e+06,7.720714766541404650e+06,6.914247891311828978e+06,4.451410847287999094e+07
8.464190754313362049e+03,9.584657916890077293e+06,4.010187373944816645e+06,3.647205515496423002e+06,9.053288116875665262e+06,5.144874205334215425e+06,2.831810412304852903e+07
1.738342331892899165e+04,2.992027551063921768e+06,1.971557679977255641e+06,7.639157831164225005e+06,9.381946565185936168e+06,1.092483703422263963e+06,4.668994637039993703e+07
7.190678851977457271e+03,7.800774487839693204e+06,4.843947130146011710e+06,3.996054755887801293e+06,9.327723521319607273e+06,3.370200304426351096e+06,4.049250804728323966e+07
2.140034292850906058e+04,5.539339001395977102e+06,3.761972781052503735e+06,6.746750131174306385e+06,6.156869870905405842e+06,8.888161064257444814e+06,3.040161623811662570e+07
6.837403980840920667e+03,7.027745605251285248e+06,4.751854650101363659e+06,4.506090888407830149e+06,7.597267706640535966e+06,1.601616095312388614e+07,1.140532043224386498e+07
9.439304951517498921e+03,8.169278651672031730e+06,2.839008972608507611e+06,9.682535122144622728e+06,7.268280319774461910e+06,7.236681702181181870e+06,7.650161311876223423e+06
2.446091865524980221e+03,2.016131291427816264e+06,2.562838044940389227e+06,6.138920103744835593e+06,1.335448781962176599e+07,2.617129870264107361e+06,4.083218580143722240e+06
7.605601722572370818e+03,2.454306415333372727e+07,5.076098274846992455e+06,3.503002771986649372e+06,7.207612469830404036e+06,2.605869935995638371e+06,1.497425177778668888e+07
6.668938732589233950e+03,8.285504784169415943e+06,3.016304243596576620e+06,1.227434371868114173e+07,1.354205646322152205e+07,2.514974338421930559e+06,2.287580500278328359e+07
6.542308775269864782e+03,3.799186819292287342e+06,3.302695924397074152e+06,1.637934439840326086e+07,5.129753095632941462e+06,1.292567918024316058e+07,2.248995016559644416e+07
7.390139311575814645e+03,1.145705350967594422e+07,4.675341686354489066e+06,6.762818098315602168e+06,6.455177204920287244e+06,3.103280499790520873e+06,5.978262095797425136e+06
3.151754847899247125e+03,7.037077545012065209e+06,5.301345176591054536e+06,5.344927291552107781e+06,8.716365861878702417e+06,1.085292804967595637e+07,6.269600608751491457e+07
2.429684675239110584e+04,4.787563506198183633e+06,4.129457211544569582e+06,1.022716747193783522e+07,8.484691088595464826e+06,1.478393161372343451e+07,5.998011613993918896e+07
2.909116507869232009e+03,2.848790318762016948e+06,2.643440073906805366e+06,6.839536105209584348e+06,6.983730889827848412e+06,1.005511762375197490e+06,4.450853118154665083e+07
9.135893826657053069e+03,1.138981304856018536e+07,3.595525721756242216e+06,5.203549242280493490e+06,8.034432906105360016e+06,1.583918503506954387e+07,1.416405934200901538e+07
2.314565022217027945e+03,3.976392975252921693e+06,2.099965339007630013e+06,1.314160165494026057e+07,5.031485408205453306e+06,7.373164455260384828e+06,5.635107574530576915e+07
3.938039049571550549e+03,3.792810998464660719e+06,2.796097927166235633e+06,1.176238685728220269e+07,6.735470370884005912e+06,1.228769191467359848e+07,1.004615111008955166e+07
1.296895948272421947e+03,2.455945813556462061e+06,2.819064281207444146e+06,2.015875003413858637e+07,1.040262982737676986e+07,1.146835939878138714e+07,3.376428788253398985e+07
1.185143473768719741e+04,9.851336808583945036e+06,2.142744618059247732e+06,3.851706770299992990e+06,8.455198492834933102e+06,4.136024476480626035e+06,2.083071341891212761e+07
2.399052009423962318e+03,1.004832800939180516e+07,3.104672571933420841e+06,6.876611094154170714e+06,3.026425562410622835e+06,3.474783022743196692e+06,3.434470731720753014e+07
1.353621609854068311e+03,4.560236817650257610e+06,5.514224814622265287e+06,4.527581472573491745e+06,1.158076020811235160e+07,1.516799633035181463e+07,4.954332551461451501e+07
1.472441216747503495e+04,8.320517686836053617e+06,3.236216968362932559e+06,1.486781206840497674e+06,7.774958213193600997e+06,1.350682937532299571e+07,8.408189157981811091e+06
2.560751481572171542e+04,1.246270228801951744e+07,3.449841946309566498e+06,6.205064387754037045e+06,9.814286512373639271e+06,5.821673161897057667e+06,4.414019332615726441e+07
4.886115521605114736e+03,1.026722245741583034e+07,3.018795538567199372e+06,1.268543338769133575e+07,5.354964655362209305e+06,1.045566510044739954e+07,6.577776619399673305e+06
2.489560757115380511e+03,2.086275078629507916e+06,1.403888274853086565e+06,5.974773427050214261e+06,3.875503902921705972e+06,3.273966055079574231e+06,4.943841952647784352e+07
6.449312865547976799e+03,6.959281715299648233e+06,2.856343255283466540e+06,3.498978390435529873e+06,1.048398576828632876e+07,6.989080313875549473e+06,1.375041057322938554e+07
5.928818436142057180e+03,9.369025234387425706e+06,5.092192562979544513e+06,7.763204824195045047e+06,3.651020952713555191e+06,1.672185414064146578e+07,4.336976695054259896e+07
1.625902466361362031e+03,8.006162535892139189e+06,2.450652444846931379e+06,2.297721833571885712e+06,6.327743002815445885e+06,2.762823670024438296e+06,2.151435403010895103e+07
2.083267128003186735e+04,9.209909794008482248e+06,4.939217018288590945e+06,8.087191950428878888e+06,7.100980785199408419e+06,4.871583572003932670e+06,4.106555267097653449e+07
6.319923612545196193e+03,3.363214390116904397e+06,1.078013440275099361e+06,1.764649040754799545e+07,7.139251934321960434e+06,1.220498808620897494e+07,2.254644544950043038e+07
6.045927393634957298e+03,3.189167350716820452e+06,9.814228998125286307e+05,5.899381909231257625e+06,8.353954858268505894e+06,2.688719001898045186e+06,1.363740856112482585e+07
1.300585060488460113e+04,4.172668925199923106e+06,1.903279450578517513e+06,6.074596099571102299e+06,5.127060507042897865e+06,4.719673764186145738e+06,3.120817959548631683e+07
1.398551852907878492e+04,9.096131039276087657e+06,3.942663305509109981e+06,5.145259455083156005e+06,2.784102940755233169e+06,9.545041648065708578e+06,2.191331710138357058e+07
8.092447578946052090e+03,3.298730854354251642e+06,1.255011140342889586e+06,2.113512292287583277e+07,9.505499533093711361e+06,2.572421749416117556e+06,7.414543225681810640e+06
1.238419819343912422e+04,9.426265788995975628e+06,4.072554783770676702e+06,7.418746437907245010e+06,1.108063021632002294e+07,8.200122279136548750e+06,2.130465269002548978e+07
9.526742210566018912e+03,7.476353204819377512e+06,5.243528139298754744e+06,9.323501061138182878e+06,9.634359780108740553e+06,7.305687203931481577e+06,6.193116873005631380e+06
2.148878546764714883e+03,2.215477662710114382e+06,2.392702073321906850e+06,1.112444049794808403e+07,7.305040397754885256e+06,1.705357611335221678e+06,2.662047792058260366e+07
3.020477678249465953e+03,2.168658958727310970e+07,4.284070625742357224e+06,9.145680837617263198e+06,8.555382864057974890e+06,4.912704051502457005e+05,1.656087031603231840e+07
5.367079700181513908e+04,4.063929855810903944e+06,1.228019402014986146e+06,5.951502869732798077e+06,6.745934063043113798e+06,2.771569546887108125e+06,7.521459200198682956e+06
8.267277058702366048e+03,1.019231055449439585e+07,3.026032495941649657e+06,7.374056466354366392e+06,8.814440650849726051e+06,1.009903634698913991e+07,6.675188405717894435e+06
5.362680776511001568e+03,1.327841066587812034e+06,2.141264328327487223e+06,1.779765465989723429e+07,1.118638025893266685e+07,3.083994189939809963e+06,4.199901696494601667e+06
2.400256327621716537e+03,1.022258541002778523e+07,4.899826573964767158e+06,4.967198364949538372e+06,8.127948651803805493e+06,1.044009649757626094e+07,1.868692031851758808e+07
6.253764516016427478e+03,3.027564320560208987e+06,3.881998041694193613e+06,7.540032909346670844e+06,6.565901569338742644e+06,3.283334642611547839e+06,1.334360534341111779e+07
5.915087415659305407e+03,7.759711986389318481e+06,2.902730976298983209e+06,4.564102990783122368e+06,5.696986402767001651e+06,6.561762045066398568e+06,6.114926737945648842e+06
1.046583908668381810e+04,5.246894806122408248e+06,2.537228714278880972e+06,6.554640480436324142e+06,5.294996840136578307e+06,6.560262915985252708e+06,5.036142729883514345e+06
9.577845335311252711e+03,1.469469872472018702e+06,8.247086618390204385e+05,2.745048634903327376e+07,7.986339963375609368e+06,2.822371601513639092e+06,3.675250071151322685e+06
7.900721620632140912e+03,1.662276450025836192e+07,3.630669887740605045e+06,7.493146938044208102e+06,1.152187921316168644e+07,8.133007949215886183e+06,5.374786669323735870e+06
1.638687469894831884e+05,1.636692144547839882e+06,1.148237236317307688e+06,2.361852317391947284e+07,6.634400939042872749e+06,2.109095069096416235e+06,2.130346588770891726e+07
2.247285163373471005e+04,5.550395104669339024e+06,2.399253697394595481e+06,6.736591364210979082e+06,7.400254905398853123e+06,2.945134837623765226e+06,1.405309134703778848e+07
1.566995945982542435e+04,8.346635580345875584e+06,1.623587073987181531e+06,1.043702557221043855e+07,4.117134441993951332e+06,8.140755830700645223e+06,2.487329153413535282e+07
8.270869243672947050e+03,9.201632161197777838e+06,3.239285827359346207e+06,8.732432174597041681e+06,7.101531408205665648e+06,2.759957033688366879e+06,4.481788458125708997e+07
1.396161929948624447e+03,8.119497234478580765e+06,2.150602780557364691e+06,1.234988343793008290e+07,5.929070660876047798e+06,9.074613036590777338e+06,2.632480358203689754e+07
1.396519461259875607e+04,4.462869171938018873e+06,3.519272383008478209e+06,9.104684134957639500e+06,1.006299218599600904e+07,9.037374231099795550e+06,2.510844394826123491e+07
1.712135711160062328e+03,2.549960239608675241e+06,1.724404455887292977e+06,9.894586839694064111e+06,9.058924978570582345e+06,3.459805892753453460e+06,1.244913753849006630e+07
7.938929482413431288e+03,1.103138740329040959e+07,4.924847725072440691e+06,8.170579294884067029e+06,7.964472670965055935e+06,1.111655494902652130e+07,3.092654822203307599e+07
1.820925768865882901e+03,6.494556931127942167e+06,3.375646197005142923e+06,4.633717734925732017e+06,2.903745814177085180e+06,7.542718599325569347e+06,3.073271667914050817e+07
1.592040441908877483e+03,4.360677739838805050e+06,2.656719499230417889e+06,5.760776549247599207e+06,1.022747051826471463e+07,6.346780802006707527e+06,3.179776607910592481e+07
3.683018015579405983e+03,1.240352665536996350e+07,2.996253460005966481e+06,5.530749990094806068e+06,8.112693181298973039e+06,6.752183886776608415e+06,2.143974308796294034e+07
6.932227127142515201e+03,7.186709677652868442e+06,2.711728479611208662e+06,1.057858828974112868e+07,3.670821809714007191e+06,5.704482032774353400e+06,1.786384128585198894e+07
2.437290534538215434e+05,3.810085608770497143e+06,7.875435069105009548e+06,4.271574754403972998e+06,6.138557096928386949e+06,5.429430417830178514e+06,3.136255953589078970e+06
1.611595896472353706e+04,5.252366726307466626e+06,1.507116701029627584e+06,1.050970813330065273e+07,7.393256487322384492e+06,2.393050437478602398e+06,4.080272262466928922e+06
1.105435952197045708e+03,2.159575412739626598e+06,9.101286890186081873e+05,1.614079931525256112e+07,9.095485119502047077e+06,4.175118937231473159e+06,1.986022714503633231e+07
1.115107411807603285e+03,7.759470516931401566e+06,1.347224726982308086e+06,1.873120987088182941e+07,6.502190399784250185e+06,8.886730513502653688e+06,2.589349126741887070e+06
1.599791693657811629e+04,8.562449002958329394e+06,4.824059953061473556e+06,5.866777650472515263e+06,8.999221841109540313e+06,1.021667895296578109e+07,3.625284960275048018e+07
1.759417349214691512e+03,6.403025242081935517e+06,1.824323741966008674e+06,6.321390015975828283e+06,8.516718794251907617e+06,4.774751634225560352e+06,5.718518170611521602e+07
1.134453337575370460e+04,5.206011996642025188e+06,3.589637188106390182e+06,5.578343093245779164e+06,5.336478848764190450e+06,8.808876084686940536e+06,3.850222225481190253e+06
2.215991606759074784e+03,6.277358077268997207e+06,4.632402839953111485e+06,1.066957179572447762e+07,7.546561346927232109e+06,6.536004796521502547e+06,1.323622578921165504e+07
2.875650531156437137e+04,3.169690368677483872e+06,1.968811276111072395e+06,5.245300076658869162e+06,1.128228036486297846e+07,1.780886069840579061e+06,3.374197673410763592e+07
1.426675105954957689e+04,4.309368418336475268e+06,2.161466212923149113e+06,4.691799793302142061e+06,8.596541492154991254e+06,3.737883124858543277e+06,4.692119469867999852e+07
3.780788528087759914e+03,1.322989790835296502e+06,3.127569273970123380e+06,8.913837343730404973e+06,6.380438631664242595e+06,1.394927292795953108e+06,3.389264104785742238e+06
1.591778748524567709e+04,5.694409085435001180e+06,2.275684618852097541e+06,1.017337770783538185e+07,8.758177726590251550e+06,3.124373510446231347e+06,5.316292456640166230e+06
6.350170419933366247e+03,6.186189499897538684e+06,2.415844725449730642e+06,2.412161844135765731e+07,9.625924112306077033e+06,1.229555351111146435e+07,2.578889601180792972e+07
8.669284004590095719e+03,5.128098250532403588e+06,7.630855782276067883e+06,6.649334633909237571e+06,8.411476006266020238e+06,1.493484340998315066e+07,1.029452078402362317e+08
1.139884840389069950e+03,6.075344691934934817e+06,1.186096926559101325e+06,1.763683334665214643e+07,8.432626081800373271e+06,3.362205666461139917e+06,2.422081238949456811e+07
2.737893501792221741e+03,8.617380819938229397e+06,5.182459896608954296e+06,9.017191355925129727e+06,3.658198061645955779e+06,5.680091697806128301e+06,6.571325699066353031e+06
1.129359720683349224e+04,1.566844497652751394e+07,5.894671713034764398e+05,2.690127315679767355e+07,3.141949501366121694e+06,1.224731122023594752e+07,5.310790947645023465e+07
1.568335417460803546e+04,8.122294667672645301e+06,3.295041866484194994e+06,3.967871277304342948e+06,8.169829303987329826e+06,6.382303050379691646e+06,2.229129967073719576e+07
1.471198490072502409e+03,4.400316286403076723e+06,3.637321917114916258e+06,7.159682618277896196e+06,6.637368773166651838e+06,4.175697182960070670e+06,1.732793969370554015e+07
1.503641858081593000e+03,1.169425617720877938e+07,1.818898095903429436e+06,8.940028675249604508e+06,6.524139967163919471e+06,9.129659921010592952e+06,6.195912607629449107e+06
1.559409253858735383e+03,9.683620096974141896e+06,4.558851958660965785e+06,4.406269079449950717e+06,9.638991522854961455e+06,7.649575252768050879e+06,3.118075421720270067e+07
1.084835511476336978e+04,6.229072270163483918e+06,3.988929947074318305e+06,9.421418395295517519e+06,9.420039781696032733e+06,4.548990462189934216e+06,3.222609809538699687e+07
4.768327586948130374e+03,2.819645257518844679e+06,3.830385563895445317e+06,8.519168550562391058e+06,5.619147127290058881e+06,7.267809620462983847e+06,1.930381631855741516e+07
1.646112612154126327e+04,7.145224365873276256e+06,2.987895624394388404e+06,4.047340969826872461e+06,5.227173661559172906e+06,5.807467512503144331e+06,5.708514113367536664e+07
9.288042594185961207e+03,1.842101712236535270e+06,5.368388587458883412e+06,2.203453389019179344e+07,7.619856044357760809e+06,1.683375286066280445e+06,1.047554284640585817e+07
4.966885717364398261e+03,5.475868705503642559e+06,1.723020945075473515e+06,1.318966005425064079e+07,8.770556127639403567e+06,2.081307138701920211e+07,3.522265881828179955e+07
1.895610119372923145e+04,8.767558526358984411e+06,2.762584858408198692e+06,7.072827091002537869e+06,4.138548928121704143e+06,5.159494525588509627e+06,2.445623305306936055e+07
2.148249405999206829e+03,3.686073417764980812e+06,3.102332693491646089e+06,6.717074436856080778e+06,1.252013696860044822e+07,4.798377324416847900e+06,1.047997399466192536e+07
8.346938263218471548e+03,4.831499999791981652e+06,4.378360554509507492e+06,6.524552874399052002e+06,6.806396693311822601e+06,1.416609777134470642e+06,1.213447290233426169e+07
1.735417127024255478e+03,9.975129849567549303e+06,1.611749544240459101e+06,9.558866963940333575e+06,1.206769074797215685e+07,1.020922462391655520e+07,9.266475597695836797e+06
1.613489436748718799e+04,4.997288486344473436e+06,6.045342638077340089e+06,9.332461404290944338e+06,9.968592240795798600e+06,6.640614643495744094e+06,2.935079365861837938e+07
1.144554567970962853e+04,1.183780379046851583e+07,3.593149334843772464e+06,6.975020020874086767e+06,8.171828020401411690e+06,8.187263813274137676e+06,3.097440174108747020e+07
4.607748646402100348e+03,1.668128449843257200e+06,3.033485919379163999e+06,8.322851511500310153e+06,5.976889065857075155e+06,5.807202713984169532e+05,5.152691770035292953e+07
1.097125962781130693e+04,1.288355950709758885e+07,3.498633647733862046e+06,6.522583840758219361e+06,6.620540838538679294e+06,1.430526861822731979e+07,3.533703138890978694e+07
1.062911433745077193e+04,3.500202123497864231e+06,2.259070393452844117e+06,1.276327368286140822e+07,5.478562460648708977e+06,4.255922554634374566e+06,2.215564137600038573e+07
8.457665467937724316e+03,8.245992309924159199e+06,1.767127263384207617e+06,7.944225652214180678e+06,7.100736649068481289e+06,1.224845866189160012e+07,1.392316239309057966e+07
7.419521589405198938e+03,1.736381805808983045e+06,4.024720207626291085e+06,6.718353074664961547e+06,8.230119704885211773e+06,1.554671929483609833e+07,3.626136765537903458e+07
1.524135247721572523e+04,9.901671921007601544e+06,1.397911270692525664e+06,9.659406084771055728e+06,9.067553738008307293e+06,6.052686851045181043e+06,5.226745458679204434e+07
4.807453303951428097e+03,2.410288150117984507e+06,1.136935751078711823e+06,2.403964785814943165e+07,7.126702546511877328e+06,8.468704682257527485e+06,1.450254343953806534e+07
1.737485109099838519e+04,8.178553797699794173e+06,5.713358031343717128e+06,5.560859775210471824e+06,6.051367034119923599e+06,1.189679209895217232e+07,5.046197285568608902e+06
2.742125271104600870e+03,3.329713025550350547e+06,2.696428329155826941e+06,4.989846279497509822e+06,6.794535534419767559e+06,1.598443976897691609e+06,1.026631735450845212e+07
1.176833001767275709e+04,1.380737691037643887e+07,1.613683783568101702e+06,1.102674735915833339e+07,8.272242714758570306e+06,8.632307048866076395e+06,6.231806596987130120e+06
8.482335707603393530e+03,6.373131383453353308e+06,2.473631701035837177e+06,2.550340038912653923e+06,8.020865229378540069e+06,5.000210821770513430e+06,9.874202688545274734e+07
7.885360292290480402e+02,3.911830448499157559e+06,1.995337444529156899e+06,1.636808091598870605e+07,8.025467271154053509e+06,3.510163651428082958e+06,2.617370417793114111e+07
2.615318078282381975e+03,1.641634536353992112e+07,3.150742034616276156e+06,4.883988827311852947e+06,1.310499548739788681e+07,2.101245069005962927e+06,2.052673503279651701e+07
7.985959267921024548e+03,2.115035598337674979e+06,1.185874670460653957e+06,5.607863854111963883e+06,6.321620366447851062e+06,1.440832801136791892e+07,2.656951509618325904e+07
1.702822880564664229e+04,4.949152927401002496e+06,2.294248264346633572e+06,1.036150754517424107e+07,7.936140991532497108e+06,1.009296134438250214e+06,2.300690170317617059e+07
1.527413893704564771e+03,4.469812087694685906e+06,2.652858035413973499e+06,5.227217230334650725e+06,3.805711799960859586e+06,6.096662921628390439e+06,3.138841390051737055e+07
1.044876000217680121e+04,6.856810214520124719e+06,2.692569741903086193e+06,7.033250317055472173e+06,6.835918481009907089e+06,1.290483286152137257e+07,2.950944559917008132e+07
2.513649001866785693e+04,6.920649570832504891e+06,3.041435879350945354e+06,8.819288127433834597e+06,2.729380113188700285e+06,5.388519783542965539e+06,2.289006522787265107e+07
1.097125962781130693e+04,1.288355950709758885e+07,3.498633647733862046e+06,6.522583840758219361e+06,6.620540838538679294e+06,1.430526861822731979e+07,3.533703138890978694e+07
8.364621030469172183e+03,7.413190243202421814e+06,2.752755372722070199e+06,7.442968459137542173e+06,1.201594091306721419e+07,5.975019301105862483e+06,2.308472183796050772e+07
6.148078327346554033e+03,5.699606383207635954e+06,4.152926429142815527e+06,2.315919119599634781e+07,7.261853373221674003e+06,1.473389331258306047e+06,3.442482232330405712e+07
1.808402778541865473e+03,1.402531758456068113e+07,2.709717768058649264e+06,3.219229570657429285e+06,1.021957449384085089e+07,7.018808181757139973e+06,5.721961407733624429e+07
9.873893783564073601e+03,6.254817231987860054e+06,3.383704432379594538e+06,4.639230724117087200e+06,8.104314286067284644e+06,3.738540797833682504e+06,4.896913321073244512e+07
2.602500067513787144e+03,1.965777306365304859e+06,2.877766851555109955e+06,8.404158254599854350e+06,8.902632196029400453e+06,6.985888105817908654e+05,3.072826074726999179e+07
2.955800318142997276e+04,1.956281817461159080e+07,3.412410403816896956e+06,1.157511169968658499e+07,1.568140735110626556e+07,3.966418963688647375e+06,4.371992077663037926e+07
1.222869205198652708e+04,4.888422415728946216e+06,3.451037932622565888e+06,8.717684757191637531e+06,1.077447409807255678e+07,9.385719093855787069e+06,1.107825486018360406e+07
6.681407485121929312e+03,1.528420988391537778e+07,5.316544536645418033e+06,6.595361353866676800e+06,4.983097370473489165e+06,2.609158388696107548e+06,3.965071900860203058e+07
1.353348886605509279e+03,7.618895488636055961e+06,5.229305365673572756e+06,4.585285247540287673e+06,4.704397234728824347e+06,6.033124774410909973e+06,1.995381095252546482e+06
1.450320843083742693e+04,3.171296684846043121e+06,2.216518038683813531e+06,5.918828018258893862e+06,1.019352423920993134e+07,2.730152341644138098e+06,1.549009485977547988e+07
2.043846264080845503e+04,7.396350422717867419e+06,3.299238041471431497e+06,5.262664587565200403e+06,7.123538008843357675e+06,9.874481119313387200e+06,2.169094632709033787e+07
1.700984961989859812e+03,1.158948821143295616e+07,1.867066634868489811e+06,1.544614694269303419e+07,6.784860795144544914e+06,6.081348601185590029e+06,2.886044712926529348e+06
1.685761117122210271e+04,6.336674624428607523e+06,5.843608184171526693e+06,1.198690791404035874e+07,7.076025795562464744e+06,7.494232320363709703e+06,7.987281726317534223e+06
8.615532402932012701e+03,4.101070476878857240e+06,1.474966657928767148e+06,2.208225311153970659e+07,6.654898436409988441e+06,1.673512437537649414e+06,1.874159931535580009e+07
2.738827701696004624e+03,5.824071642562924884e+06,1.140451320075658150e+06,8.749231872874919325e+06,6.931349356140231714e+06,2.789174999173713848e+06,3.694363266445192508e+06
1.314866338708332296e+04,3.505174961904524360e+06,2.635066306218679529e+06,1.422447605899344012e+07,6.838310917829052545e+06,8.445085554148847237e+06,2.937957230626155809e+07
1.870724524225510095e+03,1.239578825465580076e+07,3.251172649301478639e+06,3.493629945035340730e+06,1.881087448861314682e+06,6.961449102028530091e+06,1.592813558407684974e+07
1.405460391604173765e+03,7.012587089406550862e+06,4.687792209991427138e+06,6.344928428883053362e+06,7.173884336414206773e+06,5.646951125111865811e+06,2.541394285191687196e+07
9.206531793624741113e+03,8.514521753274703398e+06,2.701395028719176538e+06,6.248612324195602909e+06,7.536249798560936935e+06,7.030974759355899878e+06,1.090275446492828056e+07
1.057185397071226471e+05,1.217050087613817863e+07,2.252823863558956422e+06,1.042556315787558258e+07,5.092535447523685172e+06,9.531740410739129409e+06,1.285898669174549915e+07
1.065046386903566372e+03,7.244869561435229145e+06,3.735403684274858795e+06,4.100965746630547103e+06,9.993900345975311473e+06,6.372424780877419747e+06,1.868116270421710610e+07
1.340164872057424145e+04,5.050523247327115387e+06,8.533930902958342806e+06,4.115478807503328193e+06,7.103225819518082775e+06,7.009353482526865788e+06,7.787858050895468332e+06
3.041085141923229094e+04,1.625569286937076412e+07,4.811458772271098569e+06,9.080769112032119185e+06,1.002872933362746052e+07,1.168273735750370286e+07,2.591079325200847164e+07
2.358875062502965739e+04,2.557692582113167271e+07,2.953799010069450364e+06,7.893881982000237331e+06,6.547412202646461315e+06,7.130910885612797923e+06,1.067248202179622501e+08
2.121878079760384571e+04,2.867237744476715103e+06,2.200615610187476967e+06,6.219753941844933666e+06,9.554902273647947237e+06,1.104842528110164683e+06,3.461960452161154151e+07
5.084692068195529828e+03,6.217122732529200613e+06,1.451500905372636858e+06,1.695784020725408569e+07,1.048507254293652996e+07,1.515219783959799819e+07,3.435608670648037642e+07
1.967028394945977197e+04,3.166494520255060866e+06,2.684690336923520546e+06,7.437198940970303491e+06,1.030856415666018426e+07,2.749960200643420219e+06,6.631389366420346312e+06
1.210620326517527974e+04,1.036484271889483742e+07,5.064903993340437301e+06,7.808858821837939322e+06,8.901378707531111315e+06,1.242718637748320773e+07,5.972887189834016375e+06
1.032443412906207413e+03,8.685216437308922410e+06,7.695254886901664548e+06,7.284076313054587692e+06,8.486841950979210436e+06,1.055029613580850884e+07,1.291633281150885485e+07
1.796871083639742210e+04,6.921559614605373703e+06,5.414836686578094959e+06,2.409398830755361356e+06,1.007650172899032384e+07,2.376085908578732517e+06,4.652352641962892562e+07
4.284988144809480218e+03,2.581491777933020145e+07,5.343950645900118165e+06,5.697150640741009265e+06,1.334160454330961406e+07,1.093311650711557828e+07,1.051864479197326675e+07
1.010110801594280701e+03,2.202155432465768233e+07,1.528461229426012374e+06,1.590608657010351680e+07,7.310312180552248843e+06,1.347800477100339904e+07,2.357560206149326637e+07
1.548894026094444598e+03,1.336793042873692326e+07,4.887674557217741385e+06,4.535178886458576657e+06,5.392015590581324883e+06,3.694909474997622427e+06,4.113274697324483097e+07
1.668047112886238028e+04,5.369265368761713617e+06,1.610090700338707305e+06,6.273582150859220885e+06,5.758361183430037461e+06,4.283342326016924344e+06,3.249480981861499697e+07
8.767114788765133198e+03,7.445870215565496124e+06,4.713544584887182340e+06,2.469725740307557862e+06,8.352185405864421278e+06,1.935322866715351492e+07,1.889816070815438032e+07
4.773888244867587673e+03,4.316873520883336663e+06,4.539596594423614442e+06,6.300556104223972186e+06,9.419561034114848822e+06,2.896195143840623554e+06,2.640106798908243328e+07
8.315132745489192985e+02,1.955192210671290057e+06,2.705732311586554628e+06,2.037041988003908843e+07,7.294106885117146187e+06,1.050875411299911514e+07,1.862045996319146827e+06
1.245854707964995578e+04,1.162226510867225565e+07,4.246227879242568277e+06,9.249740862574227154e+06,1.057271752821079083e+07,7.258378529124259017e+06,4.208605117487595230e+07
1.421122127116228967e+03,6.423757541653160937e+06,4.256598071755169891e+06,7.206508291684617288e+06,4.375011337158628739e+06,8.301689483257384039e+06,1.550028356028366275e+07
1.229390920718634334e+03,7.520592847686607391e+06,2.840594839599955827e+06,1.010122044715932198e+07,8.657883531091948971e+06,8.473226157660255209e+06,5.214910320442222059e+06
2.541935662825982490e+03,2.296360962389070075e+06,2.298135684924693778e+06,1.126403453944841214e+07,8.491085863195791841e+06,2.519004361884390470e+06,2.491099884056699276e+07
1.044823195703431156e+04,6.940380845251289196e+06,2.245420689590071328e+06,7.216164437936179340e+06,7.520182363383634016e+06,3.235711128188263159e+06,2.001653129875151813e+07
1.311854179715212467e+03,5.166471303906067275e+06,2.902097545839567669e+06,1.064335302694623731e+07,7.196367250549823046e+06,6.440474166741336696e+06,1.032175926744618826e+07
8.238371472391963835e+03,8.898058142023516819e+06,2.105884931473165285e+06,8.011321993886891752e+06,4.009516038270815276e+06,2.902690581085751764e+06,1.470395669531618804e+07
2.383511866362972796e+03,6.452659329497676343e+06,1.703632125123813516e+06,5.824426612634084187e+06,8.123326943621132523e+06,6.354885019366391934e+06,3.606619720831684768e+07
7.241328529879608141e+03,4.197961916403876618e+06,1.900863992344898405e+06,5.555498365469344892e+06,1.380548472528561763e+07,5.477773631897390820e+06,2.518896039620215073e+07
1.474456261297574565e+04,1.071428407677568682e+07,3.343577386988049839e+06,9.150530243444999680e+06,6.331631823811993934e+06,7.105997594004388899e+06,4.204575555897185206e+07
1.778626198546982050e+04,9.329649641390679404e+06,6.647086602644856088e+06,6.040305971804114059e+06,4.703167988706374541e+06,9.178246273285215721e+06,3.374486722967156023e+07
1.014767305655700693e+04,6.838912555995413102e+06,3.882079215191867203e+06,6.706520583411454223e+06,5.919256055713899434e+06,6.658224802059480920e+06,8.063272514527765103e+06
1.904879160935230857e+03,8.419398961527170613e+06,2.123870105941264890e+06,1.412197887979675271e+07,6.996679215106321499e+06,4.305299482747361995e+06,2.617162819334076717e+06
6.044663724038665350e+03,3.959708819072057027e+06,2.426633908794815652e+06,1.618680842918983474e+07,9.786403692572686821e+06,5.151242797395596281e+06,2.656116570383625571e+06
1.188461833133943037e+04,5.121163997414992191e+06,4.125375716069123242e+06,4.414618239005312324e+06,7.179663745580310933e+06,7.412127305882840417e+06,2.849523431289898977e+07
7.344809952418047942e+03,8.473829255804456770e+06,3.287678641205359716e+06,1.171596005893179215e+07,4.195760619903022423e+06,4.246785496069249697e+06,3.411265389768025279e+07
3.116906191405798836e+03,4.542308943287410773e+06,2.108637086686689407e+06,6.488633875126851723e+06,6.593940041956830770e+06,1.264855192051558988e+06,3.408325515997626819e+06
1.150625685796232119e+03,7.177597635219831951e+06,7.228152043598844670e+06,2.711285572724345606e+06,7.215111312704545446e+06,5.061863434677545913e+06,9.005558010534066707e+06
1.215360483214378291e+04,5.794172070899149403e+06,2.847883846650378779e+06,9.648688525429194793e+06,9.476337606468232349e+06,3.981126287155766971e+06,5.503761622330063954e+06
1.195618410373233246e+03,7.807034726292139851e+06,3.547495152830409817e+06,6.184501510959437117e+06,4.122137752798593137e+06,1.187257778622155078e+07,6.695555179222624749e+07
2.919281403663438141e+03,1.101848873885355657e+06,1.918167503157870844e+06,4.457876452619798481e+06,9.714974115290977061e+06,1.727686048351024510e+06,6.600832187249259651e+07
3.733946620908632212e+03,5.165219651800270192e+06,1.817400989371962147e+06,4.952226424517319538e+06,6.863397447454365902e+06,2.848359720713727176e+06,2.136993650252559409e+07
1.761221996649871653e+04,1.130010420865420625e+07,4.661225724074723199e+06,3.975581433308337349e+06,8.447730532413071021e+06,7.784579608552999794e+06,3.762228173255573213e+07
1.791755170651619483e+04,2.432493215414804965e+07,4.685929536879365332e+06,8.542631063117185608e+06,3.696079321566852275e+06,1.113578255846217088e+07,2.976150549266707152e+07
1.828648912253980961e+04,4.402579967412953265e+06,2.499386511876765639e+06,1.147104379981443845e+07,6.897804889569187537e+06,5.895529080244834535e+06,3.833084267818710301e+06
8.260110239096849909e+03,3.005359547535564750e+06,2.844158143591486849e+06,1.853392513903000578e+07,9.416938643698422238e+06,3.880313852402492892e+06,1.731283442795405537e+07
1.394486966782295895e+03,1.141184422782684676e+07,2.122967916444960050e+06,9.099041458424346521e+06,4.076084613118148409e+06,1.286851445222137310e+07,2.798595381686063856e+07
1.273418186538808641e+03,6.673966706988676451e+06,1.142113022956616944e+06,1.863607865947649628e+07,1.026891990353682078e+07,5.237974280967584811e+06,1.519626973871158436e+07
1.848421285829717453e+04,6.499961375489939004e+06,3.459708392708581872e+06,2.602448326482774224e+06,6.273717686766303144e+06,6.857700269359686412e+06,4.177068806579920463e+06
8.170031559630372612e+03,7.864924186104848981e+06,2.379825184883325826e+06,1.200206975485098734e+07,9.161503675466846675e+06,1.097125825185484439e+07,1.344577460682130605e+07
8.760132220098087146e+02,1.120932074926771596e+07,2.098436227332787123e+06,1.032703924496541545e+07,4.996073714727695100e+06,5.242267892029869370e+06,1.783350303670691326e+07
2.930579558663810167e+04,2.818618374883150682e+06,3.371544370302518830e+06,7.777185742888666689e+06,6.211327466500023380e+06,9.914063708200417459e+05,1.006850858173886873e+07
3.023805791793080512e+06,1.712554792497924063e+06,5.322318254722530255e+05,2.538812976909920573e+07,8.211015489710851572e+06,2.449255240699775517e+06,1.382217669563411549e+07
1.509703926995985967e+04,2.051509801589308307e+07,5.079466619585721754e+06,3.246015632899716962e+06,8.552172450358798727e+06,8.358745531091134995e+06,2.684683447430460155e+07
2.599352954108710946e+03,9.610997287893004715e+06,1.832931490408924874e+06,6.862308778709612787e+06,6.812394683256126009e+06,2.176753195471799932e+06,4.150949062919538468e+07
1.437326121983635176e+03,6.739293739613589831e+06,2.371218463673301972e+06,3.303238051128471736e+06,1.074619601446885057e+07,5.497949073942118324e+06,2.114469790982466936e+07
4.310068837276920931e+03,1.541806622717816755e+07,4.928881352951816283e+06,1.240144732252056338e+07,1.301530254623515531e+07,1.302108744593108818e+07,3.011642530575515702e+07
2.273141705160991114e+04,6.987892864142805338e+06,3.596703597326723859e+06,4.828133759086828679e+06,1.089918158023531735e+07,9.755034085662346333e+06,1.820832083269214630e+07
1.330255858132692811e+04,1.134504266298986599e+07,2.367598635682062246e+06,7.347506507385057397e+06,1.276860753702679649e+07,1.214533466663466208e+07,1.385154050295939110e+07
9.032514862347432427e+03,5.684386327796303667e+06,2.309185780896306038e+06,1.085871943693506531e+07,4.552984634399275295e+06,7.545311077873006463e+06,2.957458868189018592e+07
1.331169093112364862e+04,5.716754351935186423e+06,2.068293315254935995e+06,7.043065849828908220e+06,9.068338392384547740e+06,4.068248907051676419e+06,3.473621146999896318e+07
8.414618761146122779e+03,1.444677755675154924e+07,5.428754101802670397e+06,1.222526845831922628e+07,1.039177397984390706e+07,3.729248496792064514e+06,3.754372146161478013e+07
2.629434022959317372e+04,9.645579548693904653e+06,2.623496155606472399e+06,8.290538364627411589e+06,7.371436790779992938e+06,4.624772169016976841e+06,2.947231219359783828e+07
4.630246512814660491e+03,2.351000248484844342e+07,5.284676615392666310e+06,6.958075039228207432e+06,8.821112731649249792e+06,7.582362690373227000e+06,8.086758427722342312e+06
9.757633657221087560e+03,7.815598443364346400e+06,7.034077088451079326e+05,7.783146566987739876e+06,1.426269776183251478e+07,5.827548579813725315e+06,3.250918438852672931e+06
2.835888004186368926e+04,2.882051400995840784e+06,1.875160587122341851e+06,5.715730668358065188e+06,7.238488296242357232e+06,1.748869840850154636e+06,1.352384595178435929e+07
2.044968350171589555e+04,6.004425578350896947e+06,1.870132446410003118e+06,6.734008858731990680e+06,8.857457720452126116e+06,3.949121444703205489e+06,1.614410575310372747e+07
1.391010448768326114e+03,9.084931058901906013e+06,2.697152120193739887e+06,1.155324434648354538e+07,6.363635401313596405e+06,2.787814334763865452e+06,2.808749183976911008e+07
2.342056956512091710e+04,1.625920415408362402e+06,2.726960851361082867e+06,7.636178112375685014e+06,7.996500606400634162e+06,1.621102466283619590e+07,1.112606586276865937e+07
8.380661956273601390e+03,7.748296769307690673e+06,3.986918863155968487e+06,5.008866996403699741e+06,6.966923673368620686e+06,6.730894763700107113e+06,7.364951077846109867e+07
1.807399606350333852e+04,9.509291314429495484e+06,3.475174975199677981e+06,4.595474417328288779e+06,1.075193602864170261e+07,3.639590963350531179e+06,4.144645289691220503e+06
2.002801263758801724e+04,1.744271073602297110e+06,1.971303739138944540e+06,8.766133156290357932e+06,9.839812257363092154e+06,1.361620990939957323e+06,2.528776348156215623e+07
3.584638446763540851e+05,3.585769877496894915e+06,5.007713021475841291e+06,4.624882330307609402e+06,5.777556622831678018e+06,6.371669289161897264e+06,9.775014201957287267e+06
9.990616245724873806e+03,9.751233232026237994e+06,7.772986028863521293e+06,8.840301306708239019e+06,1.221242323451874033e+07,5.190790259212566540e+06,2.005939177880350873e+07
1.279746268502757448e+04,1.461928103675638884e+07,1.554750857914691558e+06,6.874496386402241886e+06,5.745212590976743028e+06,1.377557509052336216e+07,4.786259509604183584e+07
2.722492993176280379e+03,1.451250605394525267e+07,6.209171515262769535e+06,7.475070760078289546e+06,4.947371513972094283e+06,4.697875397724420764e+06,8.991330524772122502e+06
9.819036026742009199e+03,5.778533072284924798e+06,1.845126821878919844e+06,1.486342832870133035e+07,7.897684372521913610e+06,7.624627160595994443e+06,1.290912937041685544e+07
1.421641661748106571e+03,1.084123781098248810e+07,5.217560682533063926e+06,5.613467094369688071e+06,5.283829314475620165e+06,1.068901714781694487e+07,7.044160021508180536e+06
1.127128276586905668e+04,1.378477228059516288e+07,5.049909235814216547e+06,5.580842982355370186e+06,3.596300507595872041e+06,8.002911687825543806e+06,2.533336268224196509e+07
3.460819420016404820e+03,9.182092325373416767e+06,5.342984586455975659e+06,1.082006737231886573e+07,9.995534606279892847e+06,4.612499400935214013e+06,3.245596677265495062e+07
7.633935398422186154e+03,4.748285464369948953e+06,1.064540238887380110e+06,2.398089524150471017e+07,4.855855995844492689e+06,3.079305213622500189e+06,1.247947504590760358e+07
8.154787710678600888e+03,8.058068471116977744e+06,1.899540289903676603e+06,1.168208408776578493e+07,6.812422829783911817e+06,4.358939320994871669e+06,1.855145459779036418e+07
7.970315075948165031e+02,5.672089261412082240e+06,5.318333856968049891e+06,6.122476634836897254e+06,4.849851523256158456e+06,8.302149225668930449e+06,3.976612089275357872e+07
1.414550231147916975e+03,1.000288777210805565e+07,2.643509349134462420e+06,5.372129746523219161e+06,4.606732405431333929e+06,5.535132127776114270e+06,1.439368939428824745e+07
