1.251814973778772168e+07,1.244618706838203594e+07,1.244612017864665017e+07,1.244608165391102247e+07,6.164694554567494197e+05,1.116830754527525306e+08
9.127068091499722796e+05,8.914349180356003344e+05,1.403289796385301091e+07,8.913342093750493368e+05,9.636533336046884069e+05,1.994178416203675270e+08
1.628302183565235930e+06,1.586528725401205942e+06,1.586448329070653301e+06,1.586408951679934049e+06,1.680907430773242610e+06,2.114982743213942647e+08
4.053620323202589992e+06,4.027768074717693962e+06,4.027680087532291189e+06,4.027637569687399548e+06,4.849719914128288627e+06,4.871353364953430295e+08
5.490621379206592217e+06,5.470145402026833966e+06,5.469977935065626167e+06,5.469805298923595808e+06,6.145221557224682532e+06,4.320376250525202751e+08
9.980417687295787036e+05,9.935252850342722377e+05,9.934308585052769631e+05,9.934037676307454240e+05,1.120429302267264342e+06,1.083124364112634212e+08
1.388275228446332039e+06,1.343523749812707072e+06,1.343259741297273664e+06,1.343108518126829062e+06,2.962748130766103975e+06,8.016107898743283749e+08
1.258102179655895941e+07,1.252996171607354283e+07,1.252850427449006587e+07,1.252792474112859182e+07,1.227389669456565985e+06,1.369086233881968260e+09
8.883209851832941175e+06,8.844645062324093655e+06,8.844395453615915030e+06,8.844241498655658215e+06,9.338892864860847592e+06,1.410202451607365608e+09
2.769931502877227031e+06,2.698745958254460245e+06,2.703800140275816433e+06,5.205278712487276644e+06,5.358749328223612159e+06,2.321164074811048210e+08
7.752345910318456590e+06,7.685237404428401962e+06,7.685054733126029372e+06,7.684916575136933476e+06,8.850706624777369201e+06,1.215172780033399343e+09
4.918583660493823700e+06,4.862425600374111906e+06,4.862323536562790163e+06,4.862271205869699828e+06,5.406130726042249240e+06,1.851884464050174057e+08
3.447311811380237807e+06,3.415028695077176206e+06,3.414801706882521044e+06,3.414670416478152853e+06,5.027216424578032456e+06,7.280006382261872292e+08
3.736497138385623693e+05,3.026971251668281620e+05,3.021457412094901665e+05,3.019912530607581721e+05,2.934541939169234131e+06,1.214753498456484795e+09
1.682723405005324632e+06,1.643663693035121774e+06,1.643507922462868504e+06,1.643371403316654731e+06,3.084400205533363856e+06,1.363781833938540936e+09
3.848031137856284622e+06,3.832442157124137506e+06,3.832061611475942191e+06,3.832013685292137321e+06,5.254696528797965497e+06,3.066427149402919412e+08
1.264439146741969977e+06,1.259447640652757371e+06,1.259433916289548157e+06,1.259421118021898903e+06,9.795827225400386378e+06,1.254181689712322205e+08
2.591342540881802328e+06,2.560898482467831112e+06,2.560714308928057551e+06,2.560631235354802106e+06,5.986563691177451983e+06,6.713103070532752275e+08
3.911033211852036184e+05,3.818794866180367535e+05,3.818275651590541820e+05,3.817985451099472702e+05,6.658619092795028118e+05,2.033383398584156930e+08
1.107757270809013769e+07,1.107328155642990395e+07,1.107326168460794725e+07,1.107324409901160374e+07,9.397519761070064269e+05,1.137204902899100482e+08
1.006128250169128366e+07,1.005628542970720679e+07,1.005618320382887498e+07,1.005615977318883501e+07,1.029917103069350123e+07,1.638392101473597884e+08
7.069651058168178424e+06,7.064669500678342767e+06,7.064642612799359486e+06,7.064613759281648323e+06,7.311685890339137986e+06,1.588668091560874581e+08
9.071275991633500671e+05,9.033628655992936110e+05,9.033423093125575688e+05,9.033291437814047094e+05,1.089951302710532583e+07,1.554702739449478388e+08
9.394942595894161612e+06,9.389564348283555359e+06,9.389471960151374340e+06,9.389440675030359998e+06,7.143613603495818097e+05,1.093255508852774799e+08
3.346193201347274240e+06,3.375795711349396501e+06,3.375511837029677816e+06,3.375419216823388357e+06,4.796820653287622146e+06,5.258498041621972919e+08
9.979371833432842977e+05,9.194952683173742844e+05,9.191825812383979792e+05,9.189615565509995213e+05,2.560751965568379499e+06,1.082909508625777245e+09
1.096618977462530509e+07,1.095516355669519305e+07,1.095514498560395464e+07,1.095512581016079523e+07,1.605263625522933900e+06,1.725263324146796763e+08
2.478193709534683265e+06,2.411847745596798602e+06,2.411730354869188275e+06,2.411697204518980812e+06,5.841198087339086458e+06,1.220766141656600386e+08
1.472262593396914424e+06,1.400908957595660817e+06,1.400660584032090381e+06,1.400449527322723297e+06,2.861779100265530869e+06,1.488926151898277044e+09
1.201891215425476665e+06,1.197718664372717030e+06,1.197692976962879067e+06,1.197670093044394162e+06,1.449054975429353537e+06,1.102362938418922871e+08
8.164882448105682619e+06,8.146445674483359791e+06,8.145855082915673032e+06,8.145653164453371428e+06,8.936377514164222404e+06,7.243392871928369999e+08
2.933654709386532661e+06,2.923870474647227209e+06,2.923821502641589381e+06,2.923789032543276437e+06,6.618524579564112239e+06,2.589170600064173341e+08
2.528538091610736679e+06,2.522527362121554557e+06,2.522367509321342688e+06,2.522298447418021038e+06,2.736996723924474325e+06,1.606181197530235350e+08
3.649371777930888813e+06,3.643577322947071865e+06,3.643480369415579829e+06,3.643418492785964627e+06,4.731039162591982633e+06,3.989576889821674824e+08
1.518391667414622381e+06,1.511347854904860724e+06,1.511327227345695253e+06,1.511315018124262802e+06,7.242786099456560798e+06,1.150165373823329806e+08
1.014526553279577754e+07,1.013553361292605475e+07,1.013548566984216124e+07,1.013546349944244698e+07,1.035839411110238358e+07,1.699084556163340211e+08
7.425184237309912220e+06,7.356901196354366839e+06,7.356102270606754348e+06,7.355786305153192952e+06,1.963123155942912912e+06,1.042095559210027695e+09
1.967122292814638000e+06,1.957484276600515004e+06,1.957439787098378874e+06,1.957409295750262449e+06,2.096253507019491168e+06,1.842170058285591006e+08
3.887583260590803344e+06,3.875969653863579500e+06,3.875513162358149420e+06,4.736269765672914684e+06,4.546491601720320061e+06,6.149917250250712633e+08
1.317393132083125412e+07,1.311359657724384218e+07,1.311250536910991557e+07,1.311201424003827199e+07,1.513086997613916732e+07,9.299746851389969587e+08
4.164528946020544041e+06,4.149707183606693055e+06,4.149564277272536885e+06,4.149429383560142945e+06,5.425113155728059821e+06,4.552824882312883139e+08
2.337741431684253737e+06,2.282952156397691928e+06,2.282652386659432668e+06,2.282452637047110125e+06,2.857343936266282108e+06,8.042560351376026869e+08
8.394128518030522391e+06,8.389121796889046207e+06,8.389094157992899418e+06,8.398252804709399119e+06,1.500452303632444935e+06,1.454074249994029403e+08
5.546391932080185041e+06,5.519680253196850419e+06,5.519507820541423745e+06,5.519360120497955009e+06,6.255895507820212282e+06,5.833360933535820246e+08
2.467917810817080550e+06,2.440523369133358821e+06,2.440006601385467686e+06,2.439763148275686894e+06,3.005406842876151670e+06,6.987078746161084175e+08
1.016050173170536011e+07,9.955787879633022472e+06,1.418346352628848283e+06,9.955110753086108714e+06,1.056191672310263664e+07,7.778601696871280670e+08
1.833554271419306984e+06,1.828026340239538811e+06,1.827944398207271472e+06,1.827909614930312149e+06,1.951448702760404907e+06,1.094265402812029868e+08
4.501815280500178225e+06,4.490127001494544558e+06,4.490055506626014598e+06,4.489992292915000580e+06,4.965614862097896636e+06,3.339822411813234091e+08
1.062814870777630946e+06,1.052200309822109528e+06,1.052154676704346435e+06,1.052129100292410469e+06,1.210028573181993561e+06,2.431996093976702690e+08
2.409846125731821638e+06,2.403936275582595728e+06,2.403724360770197120e+06,2.403687961799817160e+06,5.319425412161302753e+06,2.879401205887690783e+08
5.464739003885221668e+06,5.444722672533989884e+06,5.444595689542748034e+06,5.444449279272330925e+06,6.210999693981645629e+06,6.242226696031306982e+08
2.166775096178806387e+06,2.131711618672812358e+06,2.131253400413585361e+06,2.131134452328912448e+06,9.014978050341727212e+06,1.154239028092195272e+09
5.204274756686513312e+06,5.183875485013131052e+06,5.183764023254060186e+06,5.183690230284744874e+06,4.671110430086078122e+06,4.463662336311297417e+08
1.120768896066563018e+07,1.119997858980184793e+07,1.119991948699858412e+07,1.119988437537672184e+07,6.027733058150768047e+05,2.295000407002550066e+08
1.302935339881210402e+07,1.224008200151032768e+07,1.223860897670015134e+07,1.223814601911420748e+07,1.534612851092977263e+07,1.653867592899636745e+09
5.683306867245486006e+06,5.653943685489591211e+06,5.653371098386969417e+06,5.653086595926261507e+06,6.194597462563718669e+06,3.557495150927109718e+08
1.023519285251830518e+07,1.019736102862874418e+07,1.019681529297439754e+07,1.019652123121013679e+07,1.180554122449325770e+07,1.219486748432525396e+09
4.880361218855942599e+06,4.854684242005917244e+06,4.854580740801703185e+06,4.854503312236117199e+06,4.033315753695193678e+06,6.021483839460111856e+08
1.036076236871947884e+06,9.666012261959824245e+05,9.662542422139261616e+05,9.659527428010958247e+05,2.207304871024677530e+06,1.801318696599980116e+09
8.572730584412641823e+06,8.544946387795886025e+06,8.543722923583973199e+06,8.543416149185817689e+06,9.680112825310491025e+06,8.976481771722723246e+08
9.232034589397347299e+05,8.567784617730097380e+05,8.565355130546235014e+05,8.564520775804935256e+05,2.515829199986143969e+06,1.390419533132587433e+09
6.751505473174329381e+05,6.714964384049285436e+05,6.714586592940188712e+05,6.714403867123930249e+05,1.213154992948004603e+07,7.960344657588168979e+07
3.030092687307890039e+06,2.986922046948588453e+06,2.986796925680287648e+06,2.986658824905023444e+06,3.463268378231030889e+06,8.065000710499851704e+08
1.554220336427747272e+06,1.518273488799052080e+06,1.518111579473204911e+06,7.933785618087771349e+06,8.425761217788085341e+06,1.114242172473438740e+09
9.720132496390664950e+06,9.290620434143859893e+06,9.289618641879538074e+06,9.289186905242860317e+06,1.175828253877690993e+06,1.233474200739372015e+09
7.119840829573432915e+06,6.863574295917323790e+06,6.863259807854771614e+06,6.863088847103312612e+06,8.259317932120778598e+06,2.839369283046075702e+08
6.813497464725147001e+06,6.806891588378983550e+06,6.806626589964589104e+06,6.806513374087245204e+06,7.181524295766471885e+06,2.093051240637545288e+08
4.739450815654831938e+06,4.721479918593375012e+06,4.721401503511445597e+06,4.721208214720968157e+06,5.387729160147500224e+06,4.027623655687325597e+08
4.815966863777354360e+06,4.800224626935789362e+06,4.800160871669044718e+06,4.800108470948543400e+06,5.192255211448895745e+06,3.686051905689851046e+08
6.096807447887731716e+06,6.089398289826276712e+06,6.089227446484379470e+06,6.089161490178824402e+06,6.472948340836706571e+06,2.496912066947650015e+08
6.591812151158592664e+06,6.585867615310444497e+06,6.585818294070512056e+06,6.585786026628966443e+06,6.780474996569084004e+06,1.701852952205896676e+08
6.992259912481730804e+06,6.982768367263352498e+06,6.982730922681661323e+06,6.982692273426448926e+06,2.566180328569624573e+06,3.018053399948808551e+08
2.274535718853679020e+06,2.268667121562970802e+06,2.268503973753221799e+06,2.268428027207814157e+06,2.455056154489378445e+06,1.418492583466152549e+08
8.703534151726748794e+06,8.662349461192270741e+06,8.662225463997082785e+06,8.662000129391280934e+06,9.392946485903441906e+06,1.147119529100606918e+09
4.507367098147346638e+06,4.494329439628873020e+06,4.494197157167527825e+06,4.494107842994501814e+06,4.785660320459205657e+06,1.698541221086634099e+08
6.520335537276623771e+06,6.494773808031599037e+06,6.494534419389278628e+06,6.494368721282496117e+06,7.445381046825728379e+06,6.631856946667610407e+08
1.416551081981384009e+07,1.415259342445307411e+07,1.415228048180320300e+07,1.415220393547172472e+07,1.437925304367941432e+07,3.060640753880543709e+08
1.199702959025118500e+06,1.134014977503996808e+06,1.133015360885303933e+06,1.132867222983940272e+06,1.003429719693372212e+07,1.116977210695528269e+09
6.154493736147966702e+05,5.204169633504431695e+05,5.201039386091654887e+05,5.197733528291443945e+05,2.433045495521680452e+06,3.146581658562786579e+09
2.700379957604986615e+06,2.689347863504178822e+06,2.689302969315296039e+06,2.689266442369183991e+06,5.000592773843678646e+06,2.922995691178399324e+08
3.830032009251935408e+06,3.810869681342957541e+06,3.810751551708950195e+06,3.810654319341448601e+06,4.250535222444039769e+06,3.367874624977102280e+08
8.608205609116575215e+05,8.539312344701985130e+05,8.538988842219976941e+05,8.538791317758936202e+05,1.004489810914515285e+06,9.368032023092477024e+07
7.717677894514602376e+05,7.454149602353089722e+05,7.449657665826717857e+05,7.446982270659438800e+05,1.903307414946926525e+06,6.556081367607133389e+08
3.375389534714282490e+06,3.356374619467063341e+06,3.356284987749760505e+06,3.356206000266079791e+06,3.811548301915827207e+06,4.085491422786928415e+08
1.618624467661055969e+06,1.613188514726096531e+06,1.613106921135042328e+06,1.613081887069267686e+06,1.801336222659061896e+06,8.272775086828733981e+07
1.083345679476952180e+07,1.082745147596905194e+07,1.082742918472649902e+07,1.082738978790264018e+07,9.065517263724209042e+05,1.551604399682895541e+08
6.318045481939661317e+06,6.310390617870754562e+06,6.310061375750290230e+06,6.309929166020771489e+06,6.680806897409994155e+06,1.402894575378496647e+08
3.796238142391034402e+06,3.772842912686607800e+06,3.772777777472249232e+06,4.942395709891653620e+06,4.177759816183358897e+06,5.349110595380557179e+08
5.409470478410222568e+06,5.393997550435159355e+06,5.393650464238122106e+06,5.393491390216737986e+06,5.875828721592291258e+06,3.957177981757262945e+08
7.761672858462237753e+06,7.754121440709807910e+06,7.754071162898180075e+06,7.754050209717173129e+06,9.760605368876119610e+05,1.516365729686909616e+08
4.214887760215031914e+06,4.141692373843721114e+06,4.141617225710722618e+06,4.141573201538719237e+06,4.957559103967263363e+06,1.359717414545838237e+08
8.810573522613368928e+06,8.805839098529500887e+06,8.805824737469321117e+06,8.805792885697714984e+06,8.979207537359068170e+06,1.281519804933628291e+08
6.915413816911490634e+06,6.884923112508312799e+06,6.884016646167906001e+06,6.883724881491363980e+06,2.347094163408257999e+06,6.880522208362351656e+08
3.953018561026735231e+06,3.939589621238593012e+06,3.939300340473293792e+06,3.939156934372612741e+06,4.107261729672516696e+06,4.517252251185113788e+08
5.831798726976568811e+06,5.824513013062961400e+06,5.824296410123883747e+06,5.824203368723716587e+06,6.140379833869113587e+06,1.995177985609006286e+08
1.253112663404652849e+07,1.252390793573518470e+07,1.252384015554676391e+07,1.252380582596953586e+07,1.277506834494326636e+07,2.371832646197672486e+08
1.500054345801663212e+07,1.491525261532135494e+07,1.491448871989847906e+07,1.491406014217242785e+07,1.558746614923340641e+07,2.102230575104917288e+09
4.138075451402560575e+05,3.406023110857771826e+05,3.395426027718775440e+05,3.391175557072250522e+05,1.593351533882671269e+06,1.075817146983875275e+09
1.128226947411812842e+07,1.123563496226793528e+07,1.123552723857085593e+07,1.123549334737832099e+07,1.159047688585737720e+07,5.938405336172699928e+07
8.465698770391097292e+06,8.459857519874315709e+06,8.459765286956585944e+06,8.459737541501652449e+06,1.572135321131929057e+06,1.051967248285918385e+08
1.946171701547203120e+05,1.844952871323503787e+05,1.844282004987178370e+05,1.843911362138699624e+05,1.384641287133474648e+07,2.694954526571414471e+08
2.224509430209961720e+06,2.169649595734919421e+06,2.169537670950922184e+06,2.169509081669727340e+06,2.396185077267648652e+06,1.243731730660053641e+08
1.797533303010448872e+05,9.203947142279778200e+04,9.164307501081240480e+04,9.139408616616096697e+04,2.613476696869431529e+06,1.921103650537014723e+09
1.315555948780311272e+06,1.310207236687664408e+06,1.310143911437436240e+06,1.310108355353388470e+06,1.373424534144598991e+06,9.049897960527500510e+07
3.069254133783607278e+06,3.037924199437103234e+06,3.037724548020693939e+06,3.037584918499369174e+06,3.660560902597831097e+06,5.167624684713237882e+08
1.581097064094278729e+06,1.574758394727071747e+06,1.574717168291175738e+06,1.574696027906167554e+06,8.005320212983614765e+06,9.357665180478151143e+07
1.254307860711860098e+07,1.253623160198995285e+07,1.253613691768430546e+07,1.253609551233196445e+07,6.770957856993640307e+05,2.488354030851458907e+08
7.402779284512811340e+06,7.363016306146889925e+06,7.362861138749340549e+06,7.362752283198081888e+06,8.195822138989496045e+06,8.928951968889769316e+08
6.609566883054119535e+06,6.605464386493838392e+06,6.605380295989991166e+06,6.605354108760165051e+06,6.766017765689129941e+06,1.049611926689241081e+08
2.701536112803395372e+06,2.675729819626759738e+06,2.674961105039309245e+06,2.674798678489102051e+06,4.131966332121783402e+06,6.353029094957104921e+08
1.076839461592129897e+06,1.010825489660315448e+06,1.010306790613628691e+06,1.010133492016855511e+06,2.389572113316196017e+06,1.006933807051930547e+09
2.717173747246387880e+06,2.709288836320511065e+06,2.709179255730208475e+06,2.709121362036576960e+06,7.603506976860721596e+06,1.243675025592285991e+08
5.792214151522963308e+06,5.786616381573474966e+06,5.786504288912477903e+06,5.786462383045342751e+06,2.087291958282291889e+06,1.075188211594381183e+08
2.727677409621305298e+06,2.677390820026291534e+06,2.677266931266596541e+06,2.677223413266030606e+06,6.897629745043618605e+06,1.093037567612323165e+08
7.019070273308450123e+05,5.994903153682250995e+05,5.992712025283856783e+05,5.990779576657369034e+05,1.250491243639167957e+07,1.251342764945471048e+09
3.751396409094859846e+06,3.737565833104063757e+06,3.737379338133660611e+06,3.737304301034208387e+06,4.052119931824080646e+06,2.371040444248249233e+08
3.389793342285428196e+06,3.375112266359960660e+06,3.375010300336183980e+06,3.374945547657871153e+06,3.575357930026926566e+06,3.414396795809594989e+08
6.420425897286069579e+06,6.411309215456195176e+06,6.411266973217493854e+06,6.411241331482744776e+06,6.592189053520424291e+06,1.224625291699491739e+08
1.748537427857511863e+07,1.737319026035870239e+07,1.737237986773885041e+07,1.737193724432864785e+07,2.049137429909593984e+07,3.320248766585328579e+09
1.075622019137901807e+05,9.575176844119028829e+04,9.569410930882761022e+04,9.565552707158328849e+04,1.417159163061725534e+07,2.449091852587817609e+08
1.026198478055065498e+06,9.735371863852805691e+05,9.732123215808511013e+05,9.730063353545601713e+05,1.052057189742259309e+07,1.273605461209812880e+09
2.789290469992564991e+06,2.760452528730087448e+06,2.760321497051044367e+06,2.760226270367106888e+06,3.402558617338382173e+06,3.958058817792882919e+08
3.477633261231086683e+06,3.447141349502978846e+06,3.447100473886278924e+06,3.447061092357903253e+06,4.298649823799141683e+06,6.543152595904158354e+08
9.756792621460381197e+05,9.180845009028950008e+05,9.177662017526285490e+05,9.176555620084501570e+05,2.685196782189028338e+06,9.731521104730067253e+08
9.932653184147221036e+05,9.861856950131651247e+05,9.861637511655677808e+05,9.861526689178933157e+05,1.131129855318706715e+06,1.293994476166785061e+08
1.114770206644773250e+06,1.104695123178238049e+06,1.104628140489737969e+06,1.104610620210141409e+06,9.725061576680997387e+06,1.545200311783006787e+08
6.125075043086636579e+05,5.661973635948691517e+05,5.655630450052201049e+05,5.650518400618677260e+05,2.346504351027659141e+06,1.076457097295950413e+09
1.121747930216415320e+06,5.417309906215360388e+05,5.406033178697298281e+05,5.401680835082588019e+05,2.322508747822008561e+06,6.660212647605571747e+08
1.909392117494513222e+05,9.469560917468549451e+04,9.411602258391898067e+04,9.369816310577017430e+04,2.810543480212816969e+06,1.992116041184325218e+09
2.350048670438422996e+05,2.120781103110100084e+05,2.120393441029211972e+05,2.120131686253848893e+05,2.957604027010046993e+05,3.467771354370360374e+08
2.072387222024235642e+06,2.065203312578277197e+06,2.065161587963094003e+06,2.065139464665335137e+06,7.189762249836249277e+06,2.712486953130922914e+08
8.532302305257897824e+06,8.520851454461261630e+06,8.520799998617429286e+06,8.520753756089556962e+06,8.756295327315311879e+06,2.046748802733624876e+08
6.509446731395909563e+06,6.496571545155710541e+06,6.496143270560399629e+06,6.495981585472030565e+06,7.413854581785759889e+06,2.408065644981082082e+08
3.737744482282808982e+06,3.721102031048759818e+06,3.720884606978179421e+06,3.720819091077083722e+06,4.733675600162937306e+06,5.151580025935119987e+08
1.119982066034870595e+07,1.119311152406389266e+07,1.119305521258644760e+07,1.119303033213053457e+07,1.015789227428621729e+06,1.392047382035710812e+08
4.718204281571513973e+06,4.694782346454296261e+06,4.694627829476610757e+06,4.694485964154523797e+06,5.288807614793832414e+06,3.985380189491122365e+08
1.703404235270855715e+06,1.675511467561595840e+06,1.675252048130577430e+06,1.675094577178631676e+06,2.819625681256880984e+06,1.724246707581819534e+09
1.558461536193883512e+06,1.558387394406123552e+06,1.558347799834373407e+06,7.659670913081320003e+06,1.610425025052530691e+06,1.489392369202030599e+08
5.348373712978829630e+06,5.326046192108310759e+06,5.325773934252731502e+06,5.325700025675394572e+06,5.904912238464792259e+06,1.981058125678809583e+08
9.046549239430442685e+05,8.974909694108181866e+05,8.974049641567026265e+05,8.973930195219488814e+05,1.103124242405727739e+06,9.640499852780416608e+07
4.947813255715680309e+06,4.930086676359053701e+06,4.929772093334025703e+06,4.929593091531391256e+06,5.415260918894234113e+06,2.123737305006294250e+08
6.799350311413913034e+06,6.783471738265692256e+06,6.783438033347453922e+06,6.783409375159571879e+06,2.636572419541014824e+06,2.658757816056776941e+08
2.214607407121084165e+06,2.206594738662139513e+06,2.206538590761545114e+06,2.206516757047070190e+06,2.457690137541990727e+06,2.461317422518506944e+08
2.990097997510489542e+06,2.972874328476902563e+06,2.972610110740031116e+06,2.972511633267766330e+06,3.355469124634759035e+06,3.139548213254979253e+08
4.507989778294912539e+06,4.481991570142823271e+06,4.481882166213941760e+06,4.481801205144600943e+06,4.176777621921188198e+06,8.572858961602085829e+08
1.234162478159924969e+07,1.177530982577281259e+07,1.177466071211064048e+07,1.177440347617540322e+07,1.567636624934951216e+07,7.084318609687514305e+08
8.447434908455854282e+06,8.443321414069510996e+06,8.443249751914028078e+06,8.606139703635534272e+06,1.394921402599323075e+06,1.539190027678652704e+08
6.233223561787105165e+06,6.223521982288627885e+06,6.223443531666284427e+06,6.223394981942139566e+06,6.426666452765190043e+06,1.426040199766293764e+08
1.601216055786005687e+06,1.554732317415775964e+06,1.554500280513792299e+06,1.554344189381583128e+06,7.485310632583192550e+06,1.402485132498229504e+09
8.895882925940491259e+06,8.868431893989739940e+06,8.868187565716529265e+06,8.868076193584216759e+06,2.007597464287715498e+06,9.248509942753942013e+08
7.792598329532728530e+06,7.788080956038451754e+06,7.788024353586189449e+06,7.787989672138319351e+06,7.854569004437384196e+06,1.220090157448332608e+08
2.227820814143028576e+06,2.163367124044560362e+06,2.163257560622889083e+06,2.163161964695906732e+06,2.978671763046676293e+06,1.094393169857739449e+09
4.923442813447147608e+06,4.902380315911325626e+06,4.902288730892314576e+06,4.902202134762008674e+06,5.271042167622175068e+06,6.087631198488638401e+08
6.989102018930051476e+06,6.983587943506782874e+06,6.983316758116727695e+06,6.983288208225198090e+06,7.204902928999445401e+06,1.104823560247608125e+08
2.279902404940400738e+06,2.252365827912054490e+06,2.255818803096899763e+06,6.156094544486425817e+06,2.515947728779558558e+06,2.617620480718122721e+08
1.905464170148255304e+06,1.863256614633489633e+06,1.862995168693586253e+06,1.862861126984595787e+06,3.116942596795092337e+06,7.732147887881437540e+08
4.505319306433534366e+05,4.378699881807629135e+05,4.378537408151135896e+05,4.378370701166067738e+05,1.382121913368044794e+07,2.996472986646472812e+08
4.139037487572650425e+06,4.114157374059086666e+06,4.113781089340011124e+06,4.113682182042397559e+06,4.662315124255380593e+06,2.925957169834723473e+08
3.580394911715667229e+06,3.571572019840267953e+06,3.571468211255071219e+06,3.571410415765684564e+06,4.941183274300767109e+06,2.645077240265035629e+08
1.627820624814384151e+06,1.568498853854703484e+06,1.568308321628720034e+06,1.568150217562103877e+06,2.917787331666398793e+06,1.520368969410437584e+09
8.571089306119928136e+06,8.533765376009598374e+06,8.533484997725345194e+06,8.533267719635203481e+06,1.096980140267368592e+07,1.057650013386328220e+09
4.088034477114530164e+05,3.950295214736351045e+05,3.949571514892022242e+05,3.949334007629151456e+05,4.914352434871674050e+05,3.028062930411112309e+08
5.791545129052604549e+06,5.761515659953955561e+06,5.761363532841752283e+06,5.761195490991699509e+06,6.777869010317963548e+06,1.005171360648738027e+09
2.940888430825013667e+06,2.838935231560361572e+06,2.838614650649332441e+06,2.838474931411779486e+06,4.648198737776868045e+06,5.349567225366553664e+08
8.948175529446287546e+05,8.876695558545244858e+05,8.876534297249554656e+05,1.051888199419626221e+07,1.057911028878038004e+07,1.573971789077907801e+08
7.072317954669088125e+06,7.066872083107573912e+06,7.066803755431881174e+06,7.066764081127031706e+06,7.313916633439432830e+06,1.136554096371988058e+08
2.392646485383429565e+06,2.369277248665217310e+06,2.369061272718103603e+06,2.368959667107705493e+06,3.061717918739143293e+06,3.227699783215923309e+08
9.281723881546217948e+06,9.228607859206059948e+06,9.227695045840477571e+06,9.227468744022002444e+06,1.159021039461913146e+07,8.831403411952279806e+08
9.131335110373704229e+05,8.377697254722806392e+05,8.375793466680254787e+05,9.240408065615667729e+05,1.025837386836672947e+07,1.453289881208625555e+09
4.985642814954153262e+06,4.887232311730784364e+06,4.887017994680123404e+06,4.886922146133793518e+06,5.187953292375295423e+06,2.122287313918924332e+08
8.092650801832356490e+06,8.048716143948473036e+06,8.048197888088669628e+06,8.047999111691821367e+06,1.812996927907060133e+06,1.043524187361055017e+09
1.365121188244509976e+06,1.357495098599030869e+06,1.357469142418964533e+06,1.357449492274555378e+06,1.474738935933286557e+06,1.335800313756539971e+08
2.902191718238998670e+06,2.843009689844550565e+06,2.842930130877346732e+06,2.842905725688334089e+06,3.232445417488100007e+06,1.184812886172589362e+08
2.393294181922637857e+06,2.359406170818405226e+06,2.359283839070159476e+06,2.359056563967666123e+06,3.120352653919703793e+06,7.875629278264325857e+08
9.654833689171386650e+05,9.623837948992536403e+05,9.623318555445724633e+05,9.632692835207455792e+05,1.002988746663245931e+07,8.901497409210702777e+07
2.078771516358901979e+06,2.043008720018318621e+06,2.042842082308272133e+06,2.042634273231059546e+06,8.005914333600742742e+06,6.825168813115031719e+08
1.166666825691659469e+06,1.161575796664682450e+06,1.161493942982686451e+06,1.161484481686733663e+06,8.458594887302188203e+06,1.069666211436725110e+08
2.152391576883418486e+06,2.116868711993804201e+06,2.116686595057582948e+06,2.116576523267288227e+06,3.386444113931277301e+06,1.033535323129080415e+09
6.490434421463716775e+06,6.450477707851162180e+06,6.450247278950015083e+06,6.450055189253024757e+06,7.603251312993099913e+06,5.063104380800509453e+08
3.651570097887560260e+06,3.633766257726442534e+06,3.633288596667881589e+06,3.633126455531574320e+06,5.532852313085207716e+06,5.707351008902647495e+08
1.149748811210460961e+07,1.149291609080084972e+07,1.149281178212411888e+07,1.149276746455133893e+07,1.159008554097038321e+07,1.330891746633586437e+08
2.620445040617846418e+06,2.607916073945069220e+06,2.607767849422994070e+06,2.607649794353897683e+06,2.803997575565628707e+06,2.662835199827094078e+08
7.142083583566822112e+06,7.134646808902147226e+06,7.134599273717243224e+06,7.134571706119888462e+06,7.432843001477548853e+06,1.585576167865004241e+08
1.405764610635974910e+06,1.371860311823067488e+06,1.371663452454076149e+06,1.371366085695225513e+06,2.676856945140022784e+06,1.077546407745396137e+09
1.156664443686276674e+06,1.150684707442437764e+06,1.150641970755900955e+06,1.150621907021647319e+06,9.051422685353076085e+06,1.547195011990308464e+08
1.793382415800668765e+06,1.794761552381586982e+06,1.791631039744099136e+06,1.791601230765400920e+06,1.916036178030578652e+06,1.539439177970413268e+08
3.551182231387100765e+05,3.456250773422130733e+05,3.455787501449600677e+05,3.455442561990213580e+05,1.151973228612764552e+07,1.943315014686545134e+08
1.780903407368008746e+06,1.742486904854419176e+06,1.742397473474889994e+06,1.742361551576078637e+06,1.888174719943439821e+06,7.294099043846100569e+07
4.131062732635128312e+06,4.104945559911798686e+06,4.104801757735357154e+06,4.104737049461368006e+06,5.404840837406570092e+06,5.496358118260093927e+08
3.067831559577754699e+06,3.060749114364975598e+06,3.060691983180718962e+06,3.060642308740457986e+06,6.856170205044028349e+06,1.510568381606495380e+08
3.171314013451405335e+06,3.164082129541486967e+06,3.163982916058904026e+06,3.163944087878139224e+06,4.932787667417298071e+06,2.849239926857031584e+08
3.607372327591663226e+06,3.592839859409873374e+06,3.592766025634083897e+06,3.592611492747602984e+06,3.939296715457209386e+06,3.252354888490946293e+08
1.148876508124342002e+07,1.148095776620676927e+07,1.148077482926178351e+07,1.148071257190155052e+07,1.165396535608259216e+07,1.729737782531097233e+08
4.235881881311423145e+06,4.218836707656434737e+06,4.218727588806066662e+06,4.218521733749237843e+06,4.849504884121395648e+06,2.337301653030091822e+08
2.240273253882530262e+05,2.114415905139265524e+05,2.113938523907581402e+05,2.113724991017781140e+05,7.366782606030903989e+05,2.345855698531697690e+08
5.767037426731520332e+06,5.762907711753903888e+06,5.762837281651169062e+06,5.762806322824035771e+06,1.383680217141773319e+06,1.589298275914863050e+08
6.163186452167592011e+06,6.136784733583785594e+06,6.136612975322730839e+06,6.136302098306440748e+06,3.136022190507680643e+06,1.431117345456332445e+09
6.011776504192704335e+06,5.998812039993949234e+06,5.998746599940660410e+06,5.998720205352354795e+06,2.111434186569708865e+06,2.361720216101934314e+08
1.528612654250600003e+07,1.517989655250834301e+07,1.517828835771290772e+07,1.517782019829167612e+07,1.771807332886990160e+07,1.180271797744798899e+09
1.197270950756547414e+07,1.186865041957590543e+07,1.186834417844797485e+07,1.186812609611982480e+07,2.244372633892891463e+06,1.160703320298926830e+09
1.006057846180039458e+07,1.001661255748771317e+07,1.001612378513009101e+07,1.001582698563769460e+07,1.177895751766801439e+07,1.185901822495398998e+09
5.871810777179516153e+05,5.755340050673098303e+05,5.754757836881853873e+05,5.754189546443042345e+05,7.163633896494641667e+05,2.619319335882551670e+08
3.004889570199138951e+06,2.983597328581362031e+06,2.983502841264260001e+06,2.983451951692806557e+06,3.641263801264212932e+06,3.202901366111079454e+08
4.418167748851814307e+06,4.391548719977851026e+06,4.391459455634815618e+06,4.391414418313028291e+06,4.773854027124517597e+06,5.530934032155503035e+08
6.254464134810560383e+06,6.220647679588061757e+06,6.220314252726657316e+06,6.220173826922955923e+06,7.085050897169347852e+06,4.960470380174217820e+08
2.206851058365169913e+06,2.199524760110024363e+06,2.199495139413288794e+06,2.199471171816623770e+06,2.434387933540737722e+06,1.296390665161540508e+08
7.817796697138415650e+06,7.809270814787864685e+06,7.809117457054020837e+06,7.809065797532378696e+06,7.973364484641089104e+06,2.091823152206848562e+08
9.463270229966629297e+06,9.451429468511138111e+06,9.451354058756951243e+06,9.451304792033430189e+06,2.610148515950425528e+06,2.769026056737460494e+08
4.951472034072575159e+06,4.938837114961553365e+06,4.938488529451492243e+06,4.938357931839115918e+06,5.428372546070476994e+06,2.856314463773505092e+08
4.868647224449914880e+06,4.842916687276817858e+06,4.842783420080305077e+06,4.842700000515532680e+06,5.153827517035177909e+06,5.541185567050387859e+08
3.676089175230464316e+05,3.230002418716268730e+05,3.226584845560088870e+05,3.224433452730716672e+05,1.598959985051607247e+06,2.140781709636643887e+09
7.063141641459319741e+06,7.055011154830584303e+06,7.054969799833245575e+06,7.054935971208549105e+06,2.257713071376756765e+06,2.258252511991010308e+08
6.346840841658870922e+05,6.261500026606037281e+05,6.261103405637532705e+05,6.260819255548391957e+05,6.670406594873181311e+05,1.678583260432751179e+08
2.512545397676510271e+06,2.503514308091790415e+06,2.503336055411825888e+06,2.503281044997402932e+06,5.932270847057456151e+06,2.354844284586515725e+08
5.004402387724998407e+06,4.965102455439922400e+06,4.964852694817665964e+06,4.964752604803082533e+06,5.598980532890383154e+06,9.056036671760047674e+08
2.478416167205940466e+06,2.468935183190778829e+06,2.468917983226565178e+06,2.468893228685948066e+06,2.735058305783548858e+06,1.960456000911630988e+08
8.884289633564831689e+06,8.808879901125887409e+06,8.808346687589948997e+06,8.807990059915276244e+06,9.884358624724481255e+06,1.103946109246905565e+09
8.894522533583393320e+06,8.623772907675627619e+06,8.623105614041971043e+06,8.622751843127911910e+06,1.028109676467556506e+07,5.020745421707301736e+08
1.476953565662020585e+06,1.418539879981091013e+06,1.418399324486750178e+06,1.418303539138868684e+06,2.627133807395820506e+06,1.675232234650086164e+09
1.424651167641105317e+07,1.415735967945085466e+07,1.415634237327327393e+07,1.415590329783733562e+07,1.583509013971577026e+07,1.470274960526540995e+09
2.217795459541268181e+06,2.024069702799898805e+06,2.023933519660514081e+06,2.023849305660285521e+06,3.685325774764005560e+06,5.065631929508813620e+08
3.462431064444772433e+06,3.448050692986088805e+06,3.447857469956278801e+06,3.447758585884891916e+06,3.778843788040932734e+06,3.509155092983047366e+08
3.911346092339769471e+06,4.180732316731617320e+06,4.180645092906134669e+06,4.180575443883277010e+06,4.800832115376141854e+06,5.176898049042587280e+08
7.517021045492492616e+06,7.472884449348002672e+06,7.472677066224999726e+06,7.472511335930471309e+06,8.254062472511622123e+06,6.580422010210747719e+08
3.317010772202011663e+06,3.300897201739474665e+06,3.300626310397315770e+06,3.300521412464302033e+06,4.992173167680857703e+06,4.311739286902277470e+08
1.801100061633685371e+06,1.791440018739103805e+06,1.791392616603575880e+06,1.791358713825239334e+06,7.507530911429950036e+06,2.704401922709113359e+08
2.087381325707835378e+06,2.079993969535870943e+06,2.079958510195113951e+06,2.079903025444032392e+06,1.003363729642811418e+07,1.455055942606962621e+08
6.606825052225336432e+06,7.071940993588262238e+06,6.523804939736914821e+06,6.523736897378209047e+06,6.826536004260608926e+06,6.078997103092598915e+08
2.911283998289847746e+06,2.899716579776539002e+06,2.899664301268404815e+06,2.899624210345422849e+06,3.232371631663893349e+06,3.480933167437348962e+08
8.269279759615131188e+05,8.218164947156204144e+05,8.216799340134667000e+05,8.216426829921242315e+05,1.185436505458914116e+07,1.044875927354682088e+08
1.239110200680165086e+06,1.234116028953844681e+06,1.234089019966101507e+06,1.234066223407070618e+06,7.221915828697881661e+06,1.761716286001459956e+08
5.473938177957707085e+06,5.455892795552106574e+06,5.455783898419007659e+06,5.455711289920298383e+06,6.120587875574799255e+06,6.126498280374492407e+08
5.624975423740058206e+06,5.519783956258587539e+06,5.519470433555266820e+06,5.519393947895264253e+06,6.272923572846040130e+06,3.228960404403361678e+08
2.513510374921979383e+06,2.507231877427692991e+06,2.507134329604360275e+06,2.507101929370285012e+06,2.903718561114806682e+06,1.036052402775276601e+08
3.982097315607505850e+06,3.962236179492451251e+06,3.962137479120553005e+06,3.962075080669992138e+06,4.837792478727187030e+06,3.783846958974635601e+08
6.585657384328637272e+06,6.549373822304505855e+06,6.549100632019625045e+06,6.548968585716052912e+06,7.269722989317419007e+06,4.118859796355140805e+08
1.746497922537905630e+06,1.713529342418592423e+06,1.712830204713855870e+06,1.712659767392586684e+06,2.436415014826716390e+06,8.566293832368940115e+08
1.444917791955388710e+07,1.444074210228254832e+07,1.444041649399180524e+07,1.444033368421848491e+07,1.476271100018073432e+07,2.130604402978117466e+08
4.667273245481195860e+06,4.651070068141116761e+06,4.650864302149913274e+06,4.650751644009674899e+06,5.261708762422055006e+06,2.939955006060791612e+08
1.554972288083853573e+07,1.553527155939177796e+07,1.553511643182276376e+07,1.553503735244964063e+07,1.591222016762093827e+07,3.183460463696717620e+08
2.135646525016548578e+06,2.107956620796916075e+06,2.107781284457402769e+06,2.107653055018061306e+06,7.808127658929289319e+06,6.655029373063542843e+08
7.842233366851596162e+06,7.835505281535939313e+06,7.835351135438396595e+06,7.835326702465916984e+06,8.036714906460149214e+06,1.070374957192005515e+08
1.680342817074353807e+06,1.634225191206349758e+06,1.634070617679782445e+06,1.633972405495178886e+06,9.319099857944283634e+06,9.320774430135889053e+08
4.326236160192044452e+06,4.309824060837715864e+06,4.309765963043540716e+06,4.309707964664588682e+06,5.264380496266995557e+06,5.133312568557794094e+08
1.682621951837582281e+06,1.676330408372330945e+06,1.676284215727246599e+06,1.676266698466233443e+06,1.850102219220224069e+06,1.161945907093782723e+08
1.108282106933423132e+07,1.099161225854249671e+07,1.099021512768660486e+07,1.098987631013778411e+07,1.323996216045403108e+07,1.505007116845874548e+09
6.750886431735779159e+06,6.743057116043364629e+06,6.742964997964791022e+06,6.742915109925372526e+06,6.932537412078801543e+06,1.592056492702895999e+08
7.542238642135910690e+06,7.535798574959102087e+06,7.535778255359847099e+06,7.535752284298101440e+06,1.512046165112457005e+06,1.625798202814138234e+08
2.576678732702972367e+06,2.569365909002563450e+06,2.569226829101629090e+06,2.569142741278661881e+06,2.808406025846800301e+06,1.788567046315487325e+08
7.622181927175921388e+06,7.584942286110066809e+06,7.584762095771096647e+06,7.584637623261531815e+06,8.102615678611355834e+06,7.748336040558845997e+08
5.689974778461188078e+06,5.672564758182416670e+06,5.672485225676505826e+06,5.672349163111499511e+06,6.516307361192909069e+06,5.323895855617914796e+08
9.782555593651847914e+06,1.018123797566309758e+07,9.290416735169209540e+06,9.290366635093161836e+06,8.468607420753971674e+05,1.550929323823988438e+08
3.409077880005791667e+05,3.354095814992085798e+05,3.353802431069320301e+05,3.353377512795844814e+05,4.194886363935071277e+05,1.221898143476062715e+08
2.042998637780115940e+06,2.037523258610655088e+06,2.037499457505126251e+06,2.037479769041819731e+06,9.879921780384948477e+06,2.116593591600122154e+08
2.605675520918068942e+06,2.599285765276428312e+06,2.599235737858227920e+06,2.599205468551095575e+06,2.911257362598797306e+06,1.873966985493680239e+08
6.434746153193169273e+06,6.426048571429725736e+06,6.426023287745583802e+06,6.425979067651526071e+06,6.778772280867075548e+06,1.757676414873691499e+08
5.769866195783471921e+05,5.629001039158457424e+05,5.628472367783073569e+05,5.628097747219058219e+05,7.802383987286875490e+05,2.390240420388568640e+08
1.216239023878879845e+07,1.215682441970656253e+07,1.215680046101178601e+07,1.215676196650511399e+07,6.739165426974750590e+05,2.218548592555005848e+08
4.441698171148992144e+06,4.416942177437911741e+06,4.416611303379719146e+06,4.416534278928056359e+06,5.089193510793345980e+06,4.761746463072365522e+08
5.946888275356609374e+06,5.939525483374564908e+06,5.939505784948675893e+06,5.939475052335563116e+06,6.197832744670873508e+06,1.296484073386264741e+08
2.084537232337305555e+06,2.074231500090054935e+06,2.074165416587729473e+06,2.074123187081421958e+06,7.765074740424182266e+06,1.586067752819513381e+08
6.415435215191562660e+06,6.391057934491164982e+06,6.390802263800997287e+06,6.390655243295520544e+06,3.024380392493490595e+06,4.933346036154996753e+08
1.625450486527279951e+06,1.586075187959039351e+06,1.585350739487690851e+06,1.585111718473309651e+06,2.861347820226896554e+06,7.639348051155756712e+08
8.387271047228096053e+06,8.191084286634190008e+06,8.190502380240877159e+06,8.190262610793994740e+06,9.173959656601337716e+06,3.125201496022750735e+08
3.340036817637873814e+06,3.306603536942096893e+06,3.306346036786641926e+06,3.306205828811522108e+06,4.320775205686748959e+06,6.717885401339991093e+08
7.566782997639316134e+06,7.559914074183700606e+06,7.559863275275406428e+06,7.559837769147497602e+06,7.664012457627015188e+06,2.395554012445471883e+08
8.615654739308406133e+05,7.871733985317670740e+05,7.868387691929755965e+05,7.866095930853880709e+05,1.506667516733706929e+07,1.471830393200129747e+09
4.950682645695094019e+06,4.940179273590943776e+06,4.940022424946777523e+06,4.939970376724676229e+06,2.832499188540324569e+06,2.668272291672892272e+08
9.416219900826085359e+06,9.405883788517985493e+06,9.405811958477215841e+06,9.405772911572674289e+06,9.595751498990638182e+06,1.631905386521458328e+08
1.817575635760360165e+06,1.760793147477179067e+06,1.760578785855376162e+06,1.760418784255733015e+06,2.997312920471933205e+06,9.934158392527314425e+08
4.564864202223260887e+06,4.443676785858436488e+06,4.443543871669499204e+06,4.443452229908510111e+06,4.876941339745920151e+06,2.015347154590867162e+08
1.339168435742662847e+07,1.338332000151816756e+07,1.338328505526157841e+07,1.338327105382966623e+07,6.134488463277071714e+05,1.692815428143564165e+08
1.434611924654200487e+07,1.427543716260311380e+07,1.427444449895084649e+07,1.427410386993645877e+07,1.794907559840401262e+07,1.916659598096209764e+09
1.111879729705271311e+06,1.078293133649818599e+06,1.077750183786212234e+06,1.077547626927355072e+06,2.545374064977945294e+06,1.031603866080761313e+09
5.984509141941604204e+06,5.973089326713964343e+06,5.972865539952147752e+06,5.972769697172737680e+06,6.151831204171088524e+06,2.929678480388968587e+08
2.977223517110705841e+06,2.958650613185281400e+06,2.958523498923849314e+06,2.958421262309611775e+06,5.968526809215947054e+06,8.914628169638057947e+08
1.103641539975835010e+07,1.055881373196578771e+07,1.059269173453382775e+07,1.059265800757263042e+07,7.530951610473755281e+05,1.645959267509685159e+08
2.292214313333951402e+06,2.245339698393718340e+06,2.245148641281547956e+06,2.244988326159003656e+06,8.117810323619197123e+06,9.046104981935629845e+08
8.023797078123525716e+06,7.949435359274977818e+06,7.949358829468560405e+06,7.949317413465225138e+06,8.160992336067784578e+06,9.841901918467083573e+07
5.013399106571008451e+06,4.990971560387460515e+06,4.990870056436475366e+06,4.990798981258076616e+06,5.310102705447676592e+06,6.471576956257053614e+08
1.331265693859357620e+06,1.303673343783742515e+06,1.303450472283482784e+06,1.303332293063891353e+06,2.271832791886644438e+06,1.141402263323527813e+09
4.496414028227917850e+06,4.487244338075066917e+06,4.487027834573572502e+06,4.486914005627916194e+06,4.542569907152704895e+06,2.255421405284774005e+08
2.368505659432415850e+06,2.359520111906970851e+06,2.359381910252638161e+06,2.359313796048633754e+06,2.494777468997180928e+06,1.950777292147008479e+08
4.557715913640034385e+06,4.534860651655315422e+06,4.534681999644788913e+06,4.534582508091942407e+06,5.152443685935800895e+06,4.816967537536219358e+08
1.824322625241420697e+06,8.088888597560239956e+06,7.698149294887070544e+06,7.698108798670805059e+06,1.812945780180072179e+06,1.478908057036557496e+08
3.900342394734048285e+06,3.884887149328048807e+06,3.884729661415861920e+06,3.884634351728567388e+06,5.106542879040978849e+06,3.624270836781489253e+08
6.175012318993424065e+06,6.154411019245212898e+06,6.154294049305949360e+06,6.154216187012672424e+06,4.259354637896768749e+06,7.877458762920141220e+08
3.446835570382047445e+06,3.430585746573310811e+06,3.430517726440232247e+06,3.430458993329801597e+06,3.644778335488630459e+06,2.836866847706404924e+08
6.018154700277717784e+05,5.888626364596721251e+05,5.888212803975798888e+05,5.888040400937022641e+05,1.273524140026578493e+07,2.363441883795585632e+08
8.929783693635381758e+06,8.886383947240436450e+06,8.886075917262597010e+06,8.885896818241044879e+06,1.070937262989434227e+07,1.343606454800556183e+09
6.955429771994539769e+05,6.362347138703659875e+05,6.361744915120488731e+05,6.361518532100734301e+05,8.756991916449086275e+05,1.406396637318152487e+08
1.540181921544548310e+07,1.539351446176113561e+07,1.539347386210883595e+07,1.539343436505568959e+07,1.560212046039848775e+07,2.308606849594764411e+08
2.537385482071353588e+06,2.531891669708246365e+06,2.531869689347260632e+06,2.531849864443740807e+06,2.866053429188811220e+06,1.950896641002150178e+08
1.810906441046687542e+06,1.775094186220465461e+06,1.774923500969596440e+06,1.774677305551183643e+06,2.890752629559670109e+06,9.675916610273058414e+08
4.375971015958050266e+05,4.327622450549944770e+05,4.327306468386654742e+05,4.327005740824559471e+05,1.117658099300087430e+07,1.700596925493808389e+08
8.457151760367501527e+06,8.451402790126524866e+06,8.451270632265342399e+06,8.451210261482929811e+06,2.359183944434751291e+06,2.071768992145936787e+08
1.584388992091393331e+06,1.554476123769435333e+06,1.554351380240104394e+06,1.554298709362700814e+06,3.353309682817107532e+06,9.729177111046228409e+08
1.313911142741345614e+07,1.305486581640259735e+07,1.305463801556027867e+07,1.305446724212105572e+07,1.545867773393904604e+07,2.223061321118637562e+09
1.036724963875924982e+07,1.026473958443833515e+07,1.026427517350062914e+07,1.026401823051911592e+07,1.290325039000716619e+07,2.420830655752680302e+09
8.485615088457569480e+06,8.479122273144954816e+06,8.479072813894111663e+06,8.479042835158202797e+06,8.678429071807067841e+06,1.549433044189435542e+08
1.044876026257332601e+07,1.044241517007124238e+07,1.044222190418239869e+07,1.044219297311589867e+07,1.066238757536171190e+07,1.465885399937139452e+08
6.247407659602821805e+06,6.215217071419649757e+06,6.215095346814592369e+06,6.214916461740124971e+06,3.905246373021219391e+06,5.993774131319106817e+08
1.867871078001691494e+06,1.858795324373903684e+06,1.858765050106346142e+06,1.858737212061305996e+06,2.033607360839141300e+06,1.178799269359993786e+08
5.904293909292701632e+06,5.881815011545462534e+06,5.881352782981895842e+06,5.881138480639400892e+06,6.615043689344292507e+06,6.175291842016175985e+08
1.021182126200569980e+07,1.020411823254091293e+07,1.020407248869359121e+07,1.020403386578793265e+07,1.097793166189392097e+06,2.673081282733674347e+08
1.743568603372552665e+06,1.681472961384855676e+06,1.681214017729643499e+06,1.681084998977962881e+06,2.937361482919629198e+06,1.048288702842931509e+09
8.493192534421246499e+06,8.459538180344818160e+06,8.459471592098148540e+06,8.459408917436713353e+06,1.058520963497993071e+06,3.397298667092599869e+08
6.158195214181520045e+06,6.126919357161326334e+06,6.126436180462333374e+06,6.126243067434839904e+06,6.670605002671570517e+06,4.120825635189245343e+08
4.805651298487966880e+06,4.797102859565678053e+06,4.796887282726580277e+06,4.796815979894021526e+06,5.136562661753110588e+06,1.814040216076218486e+08
2.225654168341426179e+06,2.219725524972415064e+06,2.219704241931073833e+06,2.219684430971667171e+06,8.901404938825840130e+06,2.024022982909881473e+08
8.400522232437549159e+06,8.374085126507101581e+06,8.373814076981939375e+06,8.373569388221511617e+06,2.135304104084003251e+06,1.093610041033729076e+09
8.847421667990526184e+06,8.816811660431226715e+06,8.816729422411724925e+06,8.816704938074637204e+06,8.944684184485903010e+06,8.016602572252775729e+07
7.329354656394171529e+06,7.293417414059454575e+06,7.293248071661645547e+06,7.293069310746402480e+06,2.793409749042334966e+06,1.287494475119963169e+09
1.611669429155639559e+07,1.610757094615188055e+07,1.610736695793093368e+07,1.610725204573080689e+07,1.643560189060895145e+07,1.981281505975078642e+08
1.118380385471074609e+06,1.062800751226821914e+06,1.062456074620683212e+06,1.062163474460924976e+06,2.013150968655470060e+06,8.764204156057868004e+08
2.224658040687711909e+06,2.195834908656619024e+06,2.195632802556571085e+06,2.195535032741427422e+06,2.612765050841805525e+06,9.729957760207089186e+08
5.409187593402232043e+06,5.204234783444060944e+06,5.203918622686575167e+06,5.203811584369738586e+06,5.763478315812263638e+06,3.112261323596330881e+08
3.549447619508549105e+06,3.531543271516610868e+06,3.531361872648526449e+06,3.531309388521940447e+06,4.133327748811887577e+06,3.121384186569447517e+08
2.100659679918827023e+06,2.069196775126768975e+06,2.068697965807081666e+06,2.068499253808057867e+06,3.055986570595139172e+06,4.724869504268507957e+08
1.194758460283250362e+07,1.158239583056077734e+07,1.158136732607450150e+07,1.158105960391926393e+07,1.390464913396801241e+07,6.570633892940394878e+08
7.953467573822859675e+06,7.909075781278189272e+06,7.908983376031149179e+06,7.908853968994292431e+06,2.770423647220486775e+06,8.251885688634115458e+08
9.591644035055734217e+06,9.522105257600236684e+06,9.521492606469608843e+06,9.521223999233808368e+06,1.092179347733939998e+07,1.097676236514877319e+09
1.084870714342528256e+06,1.080776629306163406e+06,1.080749653319949750e+06,1.080727623659576755e+06,1.319638224030634621e+06,1.289182181773976684e+08
2.388989349218395539e+06,2.198556050155935343e+06,2.198023382376297377e+06,2.197863776623487938e+06,3.587175578400067985e+06,3.212595199172474742e+08
5.208983208169020363e+05,5.144899444129698677e+05,5.144582176276380196e+05,5.144425084453115123e+05,6.392619581137553323e+05,1.061870556007972807e+08
3.865086420619131997e+06,3.832444378693467472e+06,3.832243999401993118e+06,3.832119764469868504e+06,4.908395917425837368e+06,7.135723640642851591e+08
7.451747550448299386e+06,7.443788903325185180e+06,7.443747872407367453e+06,7.443729146383830346e+06,1.318495221586514963e+06,2.078508371788215637e+08
6.633495819103525719e+05,6.127661587919180747e+05,6.124733892955394695e+05,6.120683194379071938e+05,2.128694582065404858e+06,1.211964533401808262e+09
1.131600004464754602e+06,1.051551328936127014e+06,1.051024810852459632e+06,1.050903624902294017e+06,1.052227481675587595e+07,1.584543742404127836e+09
1.204888157832776383e+07,1.203772469975669309e+07,1.203755569687996060e+07,1.203747184995518811e+07,1.241028253479113244e+07,1.432101674736989439e+08
7.450423559173190966e+06,7.443659128118094988e+06,7.443641369083771482e+06,7.443623999348193407e+06,7.612157301065587439e+06,1.493321543031998575e+08
3.846421519288387150e+06,3.823360822677755728e+06,3.823295186414811760e+06,3.823248741671600845e+06,5.483223658340263180e+06,4.870365279578575492e+08
8.754037424946185201e+06,8.750274871215926483e+06,8.750178461591577157e+06,8.750147654012998566e+06,1.362783103785876650e+06,1.147040633083351254e+08
4.120773598980227951e+06,4.100551175786930602e+06,4.100340835569187067e+06,4.100262804071432911e+06,4.315650025494687259e+06,4.087334951429815888e+08
1.841434671166627668e+06,1.835965208716890309e+06,1.835892529344826471e+06,1.835858967480064835e+06,8.209735078038937412e+06,9.826364401135867834e+07
7.648268962583993562e+05,7.094374194082616596e+05,7.091094068454796216e+05,7.088175740381836658e+05,2.568640939884048421e+06,1.936623510001053333e+09
2.242088256905728485e+06,2.207389204632606823e+06,2.206743692980105057e+06,2.206575294385853224e+06,3.326144101941013709e+06,6.718276088007973433e+08
3.870982223876486532e+06,3.863218380256299395e+06,3.863008174022767693e+06,3.862896615536144003e+06,4.365194598171278834e+06,1.730456434661384821e+08
5.923083794820904732e+06,5.912494209825458005e+06,5.912329090590008534e+06,5.912277166290412657e+06,3.708224061240286566e+06,2.652518729596913457e+08
5.385483083057387732e+06,5.352484767954377457e+06,5.352046246276309714e+06,5.351828723381365649e+06,5.818465888828859664e+06,4.549466287630839944e+08
8.177349772953542881e+06,8.140999925359841436e+06,8.140843409771170467e+06,8.140723178850946017e+06,8.879906415985038504e+06,1.012316358977693915e+09
6.077580993835076224e+05,5.982509254740780452e+05,5.981162961745107314e+05,5.980879077732426813e+05,8.697118119374059606e+05,1.567239280457912385e+08
7.186487735966309905e+06,7.176159623617159203e+06,7.176091062657631934e+06,7.176044972511159256e+06,3.031397734083632939e+06,2.516448112971066535e+08
2.359687705891020596e+06,2.354093780602128245e+06,2.354017669616855215e+06,2.353979886705422774e+06,6.760115603148563765e+06,1.194584477618134618e+08
6.385138269086561166e+06,6.377329910660639405e+06,6.377250486550644040e+06,6.377205822443828918e+06,6.551377581203357317e+06,1.504396481746458709e+08
5.960709095087971538e+06,5.930311207498009317e+06,5.930226219598516822e+06,5.930179169626858085e+06,6.713538065338705666e+06,5.380171218007794619e+08
1.207616136233943515e+06,1.202192498419327196e+06,1.202126548580072820e+06,1.202089577613163274e+06,1.089030867393277399e+07,1.220226386329491884e+08
4.441207932511539198e+06,4.426077196023249067e+06,4.425982929176840931e+06,4.425922805222494528e+06,4.734550073437934741e+06,1.930759482219246924e+08
1.050697087806157768e+06,9.815791660405892180e+05,9.811315617047629785e+05,9.808852063414386939e+05,2.127535140101637226e+06,9.429926510095976591e+08
6.078446388257471845e+05,6.000665840514024021e+05,6.000278347609302728e+05,6.000002875220412388e+05,1.487157739404209517e+07,2.779921700594843626e+08
6.665612258280601818e+05,5.989123952201067004e+05,5.985164164497177117e+05,5.982801050936925458e+05,2.937563425290195271e+06,1.682042965001542807e+09
7.006172573869525455e+06,6.944455571266780607e+06,6.944240453142529353e+06,6.944081513517699204e+06,2.103045308517592959e+06,1.682243072767323971e+09
2.093797036187095800e+06,2.077429770942418138e+06,2.077322763503071619e+06,2.077243145481085870e+06,3.041041523510435596e+06,5.822253307485344410e+08
2.041790875813294202e+06,2.033676169467246393e+06,2.033647128883492434e+06,2.033612396051358897e+06,2.438860866465718951e+06,1.354776671508206725e+08
5.172051645300021395e+06,5.151801582996291108e+06,5.151637372873662971e+06,5.151573068370182998e+06,5.607360706554740667e+06,2.497402262549804449e+08
7.973488688396265730e+06,7.912537927254971117e+06,7.912216783921251073e+06,7.911956363620311953e+06,9.067178798976836726e+06,1.200570282676632643e+09
5.713721283412630670e+06,5.694870885149405338e+06,5.694599670002356172e+06,5.694511942450797185e+06,6.314756674740287475e+06,2.451284037628349662e+08
1.452306158135266276e+06,1.407427351005135337e+06,1.407058997414351208e+06,1.406900792696761200e+06,2.688828854785470758e+06,9.203368494409830570e+08
3.621481634498484433e+06,3.571825598078939132e+06,3.571616316687553190e+06,3.571515897736602463e+06,4.150763842130182311e+06,1.044778422357890725e+09
1.085605609720622562e+07,1.075660360319069400e+07,1.075611605557819828e+07,1.075579965250230394e+07,1.916383254682533909e+06,1.577469881492493153e+09
1.079161114234943315e+07,1.071542791121394187e+07,1.071418976836904883e+07,1.071383743547329865e+07,1.281335798616270348e+07,2.033206372931861401e+09
6.620683206883156672e+06,6.610979993899052031e+06,6.610935042952586897e+06,6.610906632664251141e+06,2.017339786725021666e+06,1.791279903772597015e+08
1.027798932548553334e+06,9.910036926609438378e+05,9.909004639164069667e+05,9.908683592696464621e+05,1.250980758196967887e+06,1.243849728690122813e+08
1.001192071911174804e+07,9.959348089569626376e+06,9.959088803524050862e+06,9.958892947966128588e+06,1.212432145160137303e+07,6.561245259283940792e+08
1.240360535051414743e+07,1.221895230225518346e+07,1.221865707319978438e+07,1.221851901197870821e+07,1.778038128646391677e+06,1.869480331936769247e+09
1.187860011933813803e+06,1.179544632107306505e+06,1.179499710454988992e+06,1.179544184724353952e+06,1.077080015526363812e+07,3.034596151489384174e+08
6.386119356016411446e+06,6.357299242051384412e+06,6.356927368100985885e+06,6.356815513114627451e+06,6.868893602842410095e+06,5.897874738886936903e+08
1.184173452556800283e+07,1.175407165858104080e+07,1.175378715154861659e+07,1.175336176199948601e+07,1.504733384281494468e+07,1.311173663664711475e+09
1.125225460807831987e+05,1.021636536834464350e+05,1.019835198106691823e+05,1.019263965183755936e+05,4.678040429817432305e+05,1.587876304125452936e+08
1.365945485428779759e+07,1.364982878644056618e+07,1.364973344416106306e+07,1.364967908510629833e+07,4.731728332073429483e+05,3.152039028894659877e+08
1.367706861042552162e+06,1.308230069615476765e+06,1.308007995105305687e+06,1.307899316056958400e+06,3.262688936328596435e+06,1.419928180147725582e+09
8.497381434321166947e+06,8.783411449535923079e+06,8.186496920872234739e+06,8.238298831382598728e+06,1.766871211771625094e+06,1.792154083228251338e+08
6.827130522342280485e+06,6.777274615983759984e+06,6.777044789595996030e+06,6.776898638984726742e+06,7.710645295442821458e+06,1.126348597972614050e+09
1.565834704173103441e+06,1.556765605598878348e+06,1.556700574638548773e+06,1.556665733076923294e+06,1.681606358214474749e+06,2.093468952816242278e+08
7.778482521408037283e+06,7.773127088916171342e+06,7.773087843926206231e+06,7.773054676107177511e+06,1.956290855109485332e+06,1.095987955945875645e+08
1.151729505189485662e+07,1.150878738067295775e+07,1.150852798168514669e+07,1.150847777799264342e+07,1.171193520860712789e+07,2.451193246594573855e+08
3.315627656325374264e+06,3.302951459802795667e+06,3.302898984435803257e+06,3.302853704727522098e+06,3.609443302974616643e+06,2.674216248648374975e+08
5.622331010720656486e+05,5.541500554453551304e+05,5.541307291669651167e+05,5.541215597086775815e+05,1.181310856773672998e+07,2.611913582832227945e+08
6.142475074828404002e+06,6.118539446666551754e+06,6.118371712363947183e+06,6.126940684169900604e+06,2.499177038687380031e+06,7.343816875133337975e+08
1.336296739256640431e+05,1.248701408846202830e+05,1.248040946472332289e+05,1.247410869618165161e+05,5.364414440013316926e+05,2.197853471222061515e+08
1.146017077260619728e+06,1.141244260397000238e+06,1.141149510933437850e+06,1.141105242060504155e+06,1.307465301011831500e+06,1.336588897269037515e+08
3.857124668396869674e+06,3.784801938606930897e+06,3.784582271065320354e+06,3.784464717811701819e+06,4.215420340101394802e+06,3.423851801444077492e+08
1.997006176936207339e+06,1.921262316281595966e+06,1.921089287678345805e+06,1.920933876773217693e+06,3.197291109067780897e+06,1.964691171049568176e+09
4.880110089018352330e+06,4.841271098330441862e+06,4.840965732962703332e+06,4.840793323109196499e+06,5.281702137303124182e+06,7.895411307290456295e+08
1.174545603307493776e+07,1.160676898594291881e+07,1.160616228065362573e+07,1.160576101367067918e+07,1.344964335064664297e+07,1.143107309495196342e+09
4.085494682254251558e+06,4.068672760428356938e+06,4.068606171499019023e+06,4.068532314445753116e+06,4.681341014423218556e+06,4.406300766201414466e+08
5.293802860568434000e+06,5.273104069175866432e+06,5.272883010029988363e+06,5.272827951251060702e+06,5.607246800863079727e+06,3.659016751175017357e+08
7.464139441172945313e+06,7.225532960529907607e+06,7.225081004190218635e+06,7.224849243566444144e+06,8.407317960060141981e+06,4.166262399656376243e+08
1.110904178097894788e+07,1.109831660722171143e+07,1.109827856152039953e+07,1.109825761076063477e+07,1.125430473635678925e+07,2.773998803988413215e+08
1.045395178786031529e+07,1.039631036550670303e+07,1.039553881104033627e+07,1.039522612967312895e+07,1.184292294792540930e+07,1.329350878494298458e+09
7.426623549554835074e+06,7.124238958675774746e+06,7.123508752509355545e+06,7.123367738789782859e+06,8.051080352539550513e+06,3.413488174124301076e+08
1.571949331054053036e+06,1.566866029078379506e+06,1.566833063163226936e+06,1.566814526119462913e+06,7.479959186489294283e+06,9.047474985688282549e+07
5.648640947587762959e+06,5.629893321694996208e+06,5.629561520696847700e+06,5.629421283284748904e+06,6.135834268381290138e+06,3.263668685132962465e+08
7.912499040978201665e+06,7.867823427835954353e+06,7.867733648885982111e+06,7.867697927370282821e+06,8.053154340914918110e+06,7.399613170626249909e+07
3.136278563422384672e+06,3.111731435757681727e+06,3.111589091565369628e+06,3.111529127982376143e+06,4.210124419656299986e+06,4.111294835851646662e+08
5.879957521351991221e+06,5.872274683097460307e+06,5.872199539110871032e+06,5.872119596773657016e+06,3.071025025020732544e+06,1.505669623808472455e+08
6.885493173763675615e+06,6.876711809211564250e+06,6.876685787602320313e+06,6.876671497747623362e+06,1.960227539032713743e+06,3.217331851141148806e+08
2.192041496495925821e+06,2.184019625153300818e+06,2.183973777611230966e+06,2.183951698147365358e+06,2.302667806937517133e+06,2.669973857863967717e+08
3.157268353957985528e+06,3.148610658315644599e+06,3.148576463280246127e+06,3.148545703089607414e+06,5.293157263819461688e+06,2.707689967761877179e+08
4.288997444643080235e+06,4.264625518618104979e+06,4.264521509416160174e+06,4.264471305441414937e+06,4.777788223582678474e+06,5.381736462704905272e+08
1.977509219200868160e+06,1.937089442893198691e+06,1.936971833227637922e+06,1.936879718609058298e+06,2.921764083164273296e+06,9.054834090603107214e+08
8.935797472122842446e+06,8.856160528554720804e+06,8.855859993848081678e+06,8.855634150959910825e+06,2.248639526566485874e+06,2.042119400939165115e+09
8.383542954591346905e+06,8.378608746758644469e+06,8.378544318679312244e+06,8.378523961922819726e+06,8.526308050031295046e+06,1.317803610938224196e+08
2.081247106241950998e+06,2.075352090652674902e+06,2.075322197100666817e+06,5.563129630110961385e+06,7.019814051536581479e+06,2.931580403297899961e+08
6.627459930252707563e+06,6.617173605078473687e+06,6.617143978388665244e+06,6.617128108692708425e+06,1.882465467177264160e+06,1.459184235616359115e+08
4.665537210065974854e+06,4.644686435104643926e+06,4.644308826121879742e+06,4.644159566740732640e+06,5.078913316273273900e+06,3.685610030742053986e+08
5.581800801605975255e+06,5.559421917466781102e+06,5.559339170332810842e+06,5.559247632890927605e+06,6.364737844504108652e+06,5.649475848973910809e+08
1.969012045533973491e+06,1.933796240984283620e+06,1.933587282315660035e+06,1.933450254177328199e+06,6.975392439134143293e+06,7.776008078672233820e+08
3.406007314627082553e+06,3.394189817820047494e+06,3.393971254941224121e+06,3.393868235524186864e+06,5.347308644762783311e+06,5.049059563053168058e+08
4.299318669949579635e+05,2.388195042490513006e+05,2.385109766093181679e+05,2.382936950336126611e+05,1.271504554298572615e+07,2.471141717325407982e+09
3.056990091559610795e+06,3.034310097801736090e+06,3.033785891609395389e+06,3.033650188044429291e+06,3.458519862065524329e+06,6.122601032458264828e+08
3.142801500144202728e+06,3.130354943800597452e+06,3.130272415826078504e+06,3.130237877109436318e+06,3.384633430502509233e+06,1.683255889538537860e+08
1.003088256545084156e+07,1.001864510746798851e+07,1.001857771105079912e+07,1.001853740991261229e+07,1.030210511977934651e+07,2.280589884372102618e+08
2.498831477369496424e+05,1.387135509026463260e+05,1.384330448099563946e+05,1.381259678264173854e+05,5.914381924349301495e+06,2.198232948697549820e+09
8.674725838323233649e+06,8.646620755051121116e+06,8.646432715471360832e+06,8.646293445279927924e+06,2.806391272307406180e+06,9.413341865190999508e+08
2.539259012217201758e+06,2.506279468400618061e+06,2.506154921640113927e+06,2.506047292738280259e+06,3.375106925949909259e+06,6.736765553618131876e+08
5.770986416994285770e+06,5.757754186507393606e+06,5.757665450556614436e+06,5.835549421410965733e+06,3.137463101010339335e+06,4.176344171709436774e+08
2.459554303795901593e+06,2.451722182514717802e+06,2.451629523978455923e+06,2.451597815014421474e+06,8.057645638155971654e+06,2.251358899143113494e+08
2.454144431135351770e+06,2.525434461138485931e+06,2.430927176844196860e+06,2.430893003903867211e+06,6.417805720501236618e+06,1.228895536004651189e+08
5.341423936995073454e+05,5.278274296275331872e+05,5.277439586660363711e+05,5.409003540129555622e+05,1.143945964079428650e+07,1.402943124187350273e+08
1.267354407412534347e+06,1.259248925979128573e+06,1.259194148507395759e+06,1.259165866488561733e+06,8.995475799967778847e+06,2.924776616356983185e+08
2.768498546432331670e+06,2.726672006400107872e+06,2.726441508094891906e+06,2.726350215627241414e+06,3.387983651016124990e+06,8.375780322775245905e+08
1.885250810245750099e+07,1.883387725715273246e+07,1.883367034694704041e+07,1.883356139279320836e+07,1.924072639486251771e+07,2.750426373179940581e+08
7.387094396094624884e+06,7.343709433627214283e+06,7.343459317938564345e+06,7.343300572045016102e+06,8.627662722535558045e+06,7.295602996603295803e+08
1.094407049880541861e+06,1.071059569060583366e+06,1.087121842387346784e+06,9.851827012322589755e+06,1.161532579721653135e+06,1.890753813200614452e+08
7.222843040314877871e+05,7.175957000846021110e+05,7.175505459288490238e+05,7.175191280395779759e+05,9.158263244489156641e+05,1.019839386876075864e+08
1.146052672943148063e+05,1.036360337633663876e+05,1.035657621961904370e+05,1.035245862680786668e+05,4.040698889611676568e+05,4.494266131354665756e+08
8.137202585686229169e+06,8.105785362589119002e+06,8.105052039344659075e+06,8.104802601695276797e+06,9.439466459290198982e+06,5.586516459771702290e+08
4.888749194496008568e+06,4.785933685256925412e+06,4.785663267985487357e+06,4.785616934204672463e+06,5.453280434105391614e+06,1.734157890008964241e+08
1.106190896042409539e+07,1.105731367584937811e+07,1.105729189950401336e+07,1.105727888659913652e+07,1.127338366340198927e+07,1.428130286293258071e+08
1.351741464480071445e+05,1.159463947634905926e+05,1.159021419985199464e+05,1.158609583263141685e+05,5.332493061399963917e+05,2.459861541779022217e+08
7.283686482372716069e+06,7.276799776317560114e+06,7.276750966307815164e+06,7.276713856702897698e+06,1.553329370394654106e+06,1.817515217669250667e+08
1.227332390799982240e+06,1.221360105866968865e+06,1.221335414287442341e+06,1.221317657586070942e+06,1.273906193958665244e+06,1.255878360701742619e+08
6.501666941747036763e+06,6.450504681618158706e+06,6.449839360041808337e+06,6.449528207208710723e+06,7.453580422620946541e+06,6.787504416989799738e+08
4.901574794069556519e+05,4.675368131421790458e+05,1.154868091290649585e+07,1.154864280286090448e+07,5.533794970212060725e+05,3.471115745730595589e+08
2.555528722210254520e+06,2.527738406006762292e+06,2.527377402784918435e+06,2.527246322462770622e+06,3.308766067298969720e+06,5.958564306990647316e+08
5.128674374923689291e+06,5.108218729135638103e+06,5.108076213391509838e+06,5.107972040176797658e+06,5.449847056257694960e+06,4.900693668408919573e+08
8.349377978373629740e+05,7.412632023804748897e+05,7.411203290887081530e+05,7.410051190078292275e+05,2.747370156804382335e+06,1.426452879297891140e+09
5.205997451246046461e+06,5.194915295438723639e+06,5.194842119123701006e+06,5.194804323635136709e+06,4.227830952361238189e+06,2.438731537787025869e+08
1.579243040100967977e+06,1.526531651783796493e+06,1.526254141900608083e+06,1.526097108132939786e+06,2.967386486737004481e+06,1.131259877300184727e+09
7.590282902505879290e+06,7.552923521159709431e+06,7.552412649632341228e+06,7.552280854288824834e+06,8.628415028855305165e+06,9.654585688870360851e+08
2.439089486562086968e+05,2.399385230300742551e+05,2.398909232497282210e+05,2.398548187686808233e+05,4.261356483855131082e+05,1.537404554211965501e+08
1.140810553582272120e+07,1.139961114750994369e+07,1.139956747074831463e+07,1.139953292817422748e+07,4.590281152509577805e+05,2.514442819826408029e+08
9.346148426222154871e+06,9.340760354351442307e+06,9.340726289435951039e+06,9.340707736411919817e+06,1.954727223662161734e+06,1.796594268610090613e+08
1.458813285787694156e+06,1.425567367531031836e+06,1.424729620641503483e+06,1.424492275250110077e+06,8.537793588491188362e+06,5.841359522198636532e+08
9.863384659309547395e+06,9.858870610016189516e+06,9.858769545548046008e+06,9.858737525399390608e+06,8.585608958401849959e+05,1.206580254838737845e+08
4.394713620997614227e+06,4.382084265721012838e+06,4.382053265460998751e+06,4.382025157333654352e+06,4.742096291823743843e+06,1.842566844672755003e+08
3.304310749412393197e+06,3.293485985584541224e+06,3.293265810167834628e+06,3.293172416809301358e+06,3.849154076539184898e+06,2.601872014207513034e+08
7.050399773194935173e+06,7.038455069105965085e+06,7.038397185446063988e+06,7.038369354269063100e+06,2.591842521934329066e+06,3.585467651513367295e+08
3.955961113144719042e+06,3.940482300268717110e+06,3.940326741666201036e+06,3.940188190533286426e+06,3.866880303421971854e+06,4.178218896210728884e+08
1.135162697560917959e+07,1.127203288532043993e+07,1.127165124451566488e+07,1.127137122578430921e+07,1.333717517114709876e+07,1.720048465751501322e+09
6.273799857653737068e+06,6.246607399207994342e+06,6.246465626164018176e+06,6.246352157956378534e+06,2.732106779120312538e+06,7.143953094572665691e+08
2.282116666212879121e+06,2.251895641943052877e+06,2.251708413004321977e+06,2.251552872956243809e+06,2.765164641168474685e+06,6.935885234392998219e+08
5.335201275713250972e+06,5.259434060532230884e+06,5.259212451417244039e+06,5.259123617263056338e+06,5.735138908717197366e+06,1.528227859011336565e+08
4.202607072572467849e+06,4.190910032221432775e+06,4.190850913987602573e+06,4.190787035139608197e+06,4.678097481480242684e+06,2.210504447378285229e+08
1.219731090567490272e+07,1.214882314480150864e+07,1.214797133752614446e+07,1.214769309447176941e+07,1.350852896574691497e+07,7.013527163993089199e+08
4.707604154920979403e+06,4.689112487200529315e+06,4.688986682378951460e+06,4.688862724091566168e+06,3.877652330756947864e+06,4.215456287421646118e+08
7.905461158874896355e+06,7.838964784634470008e+06,7.838768074673796073e+06,7.838597010950226337e+06,3.041058055885676295e+06,6.661134795421708822e+08
4.122174377301244531e+05,4.000293138102750527e+05,3.999807774801527266e+05,3.999496259502480389e+05,1.555655518850245140e+07,2.574904912829217613e+08
2.896263046140655410e+06,2.883497241385574453e+06,2.883423194116388913e+06,2.883383249105911236e+06,3.157139246705148369e+06,1.493433747102719247e+08
3.236668146615762264e+06,3.219386811659726780e+06,3.219220760428719688e+06,3.219129397417930886e+06,3.733935916998446919e+06,3.478491727849429250e+08
2.987386632542246487e+06,2.972148608366824687e+06,2.972089196591889020e+06,2.972036745801456738e+06,3.542883354930625763e+06,3.167314981716082096e+08
8.678274194171726704e+06,8.673969301956908777e+06,8.673872620018582791e+06,8.673847296773815528e+06,1.888266809933800483e+06,1.111899295187129974e+08
5.980112657035198994e+06,5.972639865722261369e+06,5.972442794651725329e+06,5.972345523438574746e+06,6.120312431044401601e+06,1.819597468394823372e+08
1.246316355853111949e+06,1.140940918649212457e+06,1.140530221522210166e+06,1.140238855844267178e+06,2.125081963648178615e+06,1.645711524614872694e+09
9.308153979270233540e+05,9.178112370149134658e+05,1.084866085503372550e+07,9.177283501023413846e+05,9.770384344859734410e+05,1.786897948253742754e+08
6.774005312377498485e+06,6.765139596696726047e+06,6.764992803623585962e+06,6.764955323030456901e+06,7.063701288676477037e+06,2.363438469222228229e+08
1.976428036374274408e+06,1.969942966385316337e+06,1.969910345623221016e+06,1.969876475207207259e+06,2.113116967818619218e+06,1.403663214718943238e+08
1.619425569692623988e+07,1.618383891447277740e+07,1.618372278446143493e+07,1.618369185742639937e+07,1.824912941747300210e+05,3.193219868509196043e+08
8.668367705123128369e+06,8.634250161714226007e+06,8.634038975865351036e+06,8.633923411561366171e+06,1.936446947819123277e+06,1.250267436601088285e+09
5.457334217260046862e+05,5.321481972903606948e+05,5.320978966520309914e+05,5.320662790454290807e+05,1.069945981602532230e+07,3.043050329810417295e+08
4.902621809881231748e+06,4.880750747994769365e+06,4.880577672692457214e+06,4.880493733783142641e+06,4.394702663671577349e+06,4.213482141582700610e+08
9.952310894442031160e+06,9.896850865833221003e+06,9.896511946557715535e+06,9.896306722716920078e+06,1.109213320970154181e+07,2.193170516792559624e+09
7.143325078267230652e+06,7.113936986546631902e+06,7.113615069289806299e+06,7.113421338831168599e+06,7.642727173467798159e+06,7.459682733207037449e+08
1.509164734663619893e+06,1.477498981723190052e+06,1.477218090623849304e+06,1.476998083001129562e+06,2.534609146300498862e+06,9.232556208861120939e+08
3.406455959440364502e+06,3.396023632238004357e+06,3.395967222490861546e+06,3.395894490345738828e+06,3.815978200220780447e+06,2.901199340679964423e+08
5.414233137486482738e+05,5.360066455507720821e+05,5.359743105214504758e+05,5.359589826562491944e+05,1.156251876883799769e+07,2.059050506015906930e+08
2.356706191315373871e+06,2.342677128418706823e+06,2.342616506833479274e+06,2.342579217533628922e+06,2.511090777772623114e+06,2.108066575675546527e+08
5.151984579684464261e+06,5.136427086568053812e+06,5.136087829282065853e+06,5.135969876741152257e+06,4.982882026410627179e+06,3.782291247793475986e+08
3.992399314638136886e+06,3.971933946115458850e+06,3.971524276197320782e+06,3.971464098619705066e+06,4.330536532207243145e+06,4.017727306205516458e+08
1.476401706123059429e+07,1.475705654152954929e+07,1.475690167048731633e+07,1.475684540382682160e+07,3.796710503000837052e+05,1.956310051454018354e+08
9.841652740432911087e+05,9.292069349821018986e+05,9.287887451997065218e+05,9.284840316829638323e+05,2.826809892344125547e+06,1.588613037809804916e+09
1.167699487920770189e+05,1.089568058756334358e+05,1.089179854539183725e+05,1.088774110622515145e+05,3.158823846298836288e+05,1.897940044261415303e+08
1.022275211597648595e+05,4.575264103296033863e+04,4.439481301389915461e+04,4.406622886346784071e+04,3.322380777180370875e+06,9.914793500720121861e+08
9.071968860432472080e+06,9.062728155100300908e+06,9.062675636800276116e+06,9.062644593140309677e+06,9.301276182123405859e+06,1.458920059182314873e+08
1.265394412237661192e+06,1.257502567199544283e+06,1.257472202039648313e+06,1.257439642170746112e+06,9.972015211417559534e+06,2.489005746900225878e+08
4.845313241343374364e+06,4.733769840560721233e+06,4.733611645355829038e+06,4.733539846751485020e+06,2.852486911601084284e+06,2.402728138135160804e+08
1.499488328997003380e+06,1.492364011571356328e+06,1.492319233202946605e+06,9.911247957418769598e+06,1.597941033179605147e+06,1.207664242022793889e+08
1.031514870839673094e+06,9.790882371667171828e+05,9.788204509831779869e+05,9.785964876851597801e+05,1.089240916445170902e+07,1.351627870910812855e+09
7.709807835539788939e+05,1.908286142820838722e+05,1.901890681941747025e+05,1.899621270425367402e+05,2.734222473352333065e+06,1.214325745003048897e+09
2.716735172859616578e+06,2.681722866637166589e+06,2.681233881948291324e+06,2.681024612023720518e+06,3.493813556922877673e+06,4.188435397561207414e+08
1.322894374801686965e+07,1.321797042706901394e+07,1.321790731485696323e+07,1.321787623846029118e+07,1.350625755200252682e+07,3.094021372704522014e+08
3.567715265214541578e+05,3.501526322826722753e+05,3.501273286115729716e+05,3.500652849213171867e+05,4.826383009634701884e+05,1.566732588857214451e+08
2.052741684134606970e+06,2.047791936843876261e+06,2.047726339670844376e+06,2.047692180682022357e+06,7.779901531744860113e+06,1.496488164846839607e+08
4.033000086746212095e+06,4.003880649410383776e+06,4.003764382107232232e+06,4.003662141684010625e+06,4.153650503164123278e+06,8.924406041503165960e+08
4.811950780499260873e+06,4.786834582932508551e+06,4.786706170969344676e+06,4.786630060215062462e+06,5.772721560704817064e+06,3.985805913433099389e+08
1.954424254535970686e+05,1.875420497224950814e+05,1.874601355140740343e+05,1.874063711840252508e+05,4.155470551863256842e+05,1.522168581036022604e+08
3.611145124881994445e+06,3.597042609246888664e+06,3.596984813267923892e+06,3.596952947685033549e+06,3.749547707889491227e+06,2.976272796172860861e+08
4.925575377967583947e+06,4.913559858005327173e+06,4.913288805347356014e+06,4.913242370902877301e+06,5.128657406813515350e+06,2.295203955450208187e+08
6.723429461242535152e+06,6.718699802544024773e+06,6.718637142298912629e+06,6.718594679189973511e+06,2.396881137530285865e+06,2.649471955155007839e+08
